Date: 2016-11-01 23:12:50
Test: ./benchmarks/hash/foreach.t
Perl: /usr/local/bin/perl5.10.1-nt 5.010001
Cycles: 929272
User-Time: 12.41
System-Time: 0.02
Real-Time: 12.463
CPU: 100%
Cycles-Per-Sec: 74760
Empty-Cycles-Per-Sec: 22555146
Loop-Overhead: 0.3%
Adjusted-Used-Time: 12.3888000006739
Bench-Points: 80.718
