Date: 2016-11-01 23:13:03
Test: ./benchmarks/hash/foreach.t
Perl: /usr/local/bin/perl5.12.5-nt 5.012005
Cycles: 929272
User-Time: 12.6
System-Time: 0.02
Real-Time: 12.647
CPU: 100%
Cycles-Per-Sec: 73635
Empty-Cycles-Per-Sec: 21297296
Loop-Overhead: 0.3%
Adjusted-Used-Time: 12.5763666673929
Bench-Points: 79.514
