Date: 2018-09-08 20:13:26
Test: /usr/local/lib/perl5/site_perl/5.26.1/PerlBench/benchmarks/hash/foreach.t
Perl: /usr/local/bin/perl5.14.4-nt 5.014004
Cycles: 1099085
User-Time: 16.69
System-Time: 0
Real-Time: 16.685
CPU: 100%
Cycles-Per-Sec: 65853
Empty-Cycles-Per-Sec: 16511042
Loop-Overhead: 0.4%
Adjusted-Used-Time: 16.6234333350978
Bench-Points: 60.156
