Date: 2016-11-01 23:13:15
Test: ./benchmarks/hash/foreach.t
Perl: /usr/local/bin/perl5.14.4-nt 5.014004
Cycles: 929272
User-Time: 13.38
System-Time: 0.04
Real-Time: 13.480
CPU: 100%
Cycles-Per-Sec: 69245
Empty-Cycles-Per-Sec: 23329004
Loop-Overhead: 0.3%
Adjusted-Used-Time: 13.3801666663523
Bench-Points: 74.737
