Date: 2019-06-14 10:55:10
Test: /usr/local/lib/perl5/site_perl/5.30.0/PerlBench/benchmarks/hash/foreach.t
Perl: /usr/local/bin/perl5.14.4-nt@g 5.014004
Cycles: 1161177
User-Time: 15.78
System-Time: 0
Real-Time: 15.781
CPU: 100%
Cycles-Per-Sec: 73585
Empty-Cycles-Per-Sec: 28115666
Loop-Overhead: 0.3%
Adjusted-Used-Time: 15.7387000002063
Bench-Points: 63.538
