Date: 2016-11-01 23:13:29
Test: ./benchmarks/hash/foreach.t
Perl: /usr/local/bin/perl5.16.3-nt 5.016003
Cycles: 929272
User-Time: 13.13
System-Time: 0.04
Real-Time: 13.219
CPU: 100%
Cycles-Per-Sec: 70560
Empty-Cycles-Per-Sec: 22757682
Loop-Overhead: 0.3%
Adjusted-Used-Time: 13.1291666673258
Bench-Points: 76.166
