Date: 2016-11-01 23:13:42
Test: ./benchmarks/hash/foreach.t
Perl: /usr/local/bin/perl5.18.4-nt 5.018004
Cycles: 929272
User-Time: 12.66
System-Time: 0.12
Real-Time: 13.135
CPU: 97%
Cycles-Per-Sec: 72713
Empty-Cycles-Per-Sec: 24627350
Loop-Overhead: 0.3%
Adjusted-Used-Time: 12.7422666669374
Bench-Points: 78.479
