Date: 2019-06-14 10:55:26
Test: /usr/local/lib/perl5/site_perl/5.30.0/PerlBench/benchmarks/hash/foreach.t
Perl: /usr/local/bin/perl5.18.4-nt 5.018004
Cycles: 1161177
User-Time: 15.66
System-Time: 0
Real-Time: 15.667
CPU: 100%
Cycles-Per-Sec: 74149
Empty-Cycles-Per-Sec: 30108306
Loop-Overhead: 0.2%
Adjusted-Used-Time: 15.6214333333798
Bench-Points: 64.015
