Date: 2016-11-01 23:13:55
Test: ./benchmarks/hash/foreach.t
Perl: /usr/local/bin/perl5.20.3-nt 5.020003
Cycles: 929272
User-Time: 12.86
System-Time: 0.08
Real-Time: 13.055
CPU: 99%
Cycles-Per-Sec: 71814
Empty-Cycles-Per-Sec: 22832236
Loop-Overhead: 0.3%
Adjusted-Used-Time: 12.8993000002277
Bench-Points: 77.524
