Date: 2018-09-08 20:13:42
Test: /usr/local/lib/perl5/site_perl/5.26.1/PerlBench/benchmarks/hash/foreach.t
Perl: /usr/local/bin/perl5.22.3-nt 5.022003
Cycles: 1099085
User-Time: 13.85
System-Time: 0
Real-Time: 13.855
CPU: 100%
Cycles-Per-Sec: 79356
Empty-Cycles-Per-Sec: 20166697
Loop-Overhead: 0.4%
Adjusted-Used-Time: 13.7954999993306
Bench-Points: 72.487
