Date: 2019-06-14 10:55:56
Test: /usr/local/lib/perl5/site_perl/5.30.0/PerlBench/benchmarks/hash/foreach.t
Perl: /usr/local/bin/cperl5.22.5-nt 5.022005
Cycles: 1161177
User-Time: 13.86
System-Time: 0
Real-Time: 13.863
CPU: 100%
Cycles-Per-Sec: 83779
Empty-Cycles-Per-Sec: 32284810
Loop-Overhead: 0.3%
Adjusted-Used-Time: 13.824033333323
Bench-Points: 72.338
