Date: 2016-11-01 23:14:08
Test: ./benchmarks/hash/foreach.t
Perl: /usr/local/bin/cperl5.22.2-nt 5.022002
Cycles: 929272
User-Time: 10.07
System-Time: 0.05
Real-Time: 10.196
CPU: 99%
Cycles-Per-Sec: 91825
Empty-Cycles-Per-Sec: 25861002
Loop-Overhead: 0.4%
Adjusted-Used-Time: 10.0840666668677
Bench-Points: 99.166
