Date: 2018-09-08 20:13:56
Test: /usr/local/lib/perl5/site_perl/5.26.1/PerlBench/benchmarks/hash/foreach.t
Perl: /usr/local/bin/cperl5.22.5-nt 5.022005
Cycles: 1099085
User-Time: 13.64
System-Time: 0
Real-Time: 13.641
CPU: 100%
Cycles-Per-Sec: 80578
Empty-Cycles-Per-Sec: 29439777
Loop-Overhead: 0.3%
Adjusted-Used-Time: 13.6026666669384
Bench-Points: 73.515
