Date: 2019-06-14 10:55:42
Test: /usr/local/lib/perl5/site_perl/5.30.0/PerlBench/benchmarks/hash/foreach.t
Perl: /usr/local/bin/perl5.22.4-nt 5.022004
Cycles: 1161177
User-Time: 14.09
System-Time: 0
Real-Time: 14.094
CPU: 100%
Cycles-Per-Sec: 82411
Empty-Cycles-Per-Sec: 29496452
Loop-Overhead: 0.3%
Adjusted-Used-Time: 14.0506333331209
Bench-Points: 71.171
