Date: 2019-06-14 10:56:24
Test: /usr/local/lib/perl5/site_perl/5.30.0/PerlBench/benchmarks/hash/foreach.t
Perl: /usr/local/bin/cperl5.24.4-nt 5.024004
Cycles: 1161177
User-Time: 14.17
System-Time: 0
Real-Time: 14.174
CPU: 100%
Cycles-Per-Sec: 81946
Empty-Cycles-Per-Sec: 32435112
Loop-Overhead: 0.3%
Adjusted-Used-Time: 14.134200000296
Bench-Points: 70.75
