Date: 2019-06-14 10:56:10
Test: /usr/local/lib/perl5/site_perl/5.30.0/PerlBench/benchmarks/hash/foreach.t
Perl: /usr/local/bin/perl5.24.4-nt 5.024004
Cycles: 1161177
User-Time: 13.86
System-Time: 0
Real-Time: 13.865
CPU: 100%
Cycles-Per-Sec: 83779
Empty-Cycles-Per-Sec: 22768176
Loop-Overhead: 0.4%
Adjusted-Used-Time: 13.8089999989459
Bench-Points: 72.417
