Date: 2018-09-08 20:14:10
Test: /usr/local/lib/perl5/site_perl/5.26.1/PerlBench/benchmarks/hash/foreach.t
Perl: /usr/local/bin/perl5.24.3-nt 5.024003
Cycles: 1099085
User-Time: 13.26
System-Time: 0
Real-Time: 13.260
CPU: 100%
Cycles-Per-Sec: 82887
Empty-Cycles-Per-Sec: 22339126
Loop-Overhead: 0.4%
Adjusted-Used-Time: 13.2107999999642
Bench-Points: 75.696
