Date: 2016-11-01 23:14:29
Test: ./benchmarks/hash/foreach.t
Perl: /usr/local/bin/cperl5.24.0-nt 5.024000
Cycles: 929272
User-Time: 10.29
System-Time: 0.05
Real-Time: 10.383
CPU: 100%
Cycles-Per-Sec: 89872
Empty-Cycles-Per-Sec: 26250621
Loop-Overhead: 0.3%
Adjusted-Used-Time: 10.3045999993676
Bench-Points: 97.044
