Date: 2018-09-08 20:14:23
Test: /usr/local/lib/perl5/site_perl/5.26.1/PerlBench/benchmarks/hash/foreach.t
Perl: /usr/local/bin/cperl5.24.3-nt 5.024003
Cycles: 1099085
User-Time: 15.37
System-Time: 0
Real-Time: 15.370
CPU: 100%
Cycles-Per-Sec: 71508
Empty-Cycles-Per-Sec: 29785501
Loop-Overhead: 0.2%
Adjusted-Used-Time: 15.3330999995602
Bench-Points: 65.218
