Date: 2016-11-01 23:14:39
Test: ./benchmarks/hash/foreach.t
Perl: /usr/local/bin/perl5.24.0-nt 5.024000
Cycles: 929272
User-Time: 10.24
System-Time: 0.06
Real-Time: 10.364
CPU: 99%
Cycles-Per-Sec: 90221
Empty-Cycles-Per-Sec: 25413090
Loop-Overhead: 0.4%
Adjusted-Used-Time: 10.2634333329792
Bench-Points: 97.433
