Date: 2016-11-01 23:15:00
Test: ./benchmarks/hash/foreach.t
Perl: /usr/local/bin/perl5.25.3-nt 5.025003
Cycles: 929272
User-Time: 9.75
System-Time: 0.01
Real-Time: 9.781
CPU: 100%
Cycles-Per-Sec: 95212
Empty-Cycles-Per-Sec: 25765397
Loop-Overhead: 0.4%
Adjusted-Used-Time: 9.72393333275633
Bench-Points: 102.84
