Date: 2016-11-01 23:14:50
Test: ./benchmarks/hash/foreach.t
Perl: /usr/local/bin/cperl5.25.2-nt 5.025002
Cycles: 929272
User-Time: 10.52
System-Time: 0.04
Real-Time: 10.639
CPU: 99%
Cycles-Per-Sec: 87999
Empty-Cycles-Per-Sec: 25413090
Loop-Overhead: 0.3%
Adjusted-Used-Time: 10.5234333329792
Bench-Points: 95.026
