Date: 2019-06-14 10:56:52
Test: /usr/local/lib/perl5/site_perl/5.30.0/PerlBench/benchmarks/hash/foreach.t
Perl: /usr/local/bin/cperl5.26.5-nt 5.026005
Cycles: 1161177
User-Time: 13.19
System-Time: 0
Real-Time: 13.196
CPU: 100%
Cycles-Per-Sec: 88035
Empty-Cycles-Per-Sec: 22005881
Loop-Overhead: 0.4%
Adjusted-Used-Time: 13.1372333327623
Bench-Points: 76.12
