Date: 2019-06-14 10:56:38
Test: /usr/local/lib/perl5/site_perl/5.30.0/PerlBench/benchmarks/hash/foreach.t
Perl: /usr/local/bin/perl5.26.3-nt 5.026003
Cycles: 1161177
User-Time: 14.11
System-Time: 0
Real-Time: 14.111
CPU: 100%
Cycles-Per-Sec: 82295
Empty-Cycles-Per-Sec: 32254917
Loop-Overhead: 0.3%
Adjusted-Used-Time: 14.074000000372
Bench-Points: 71.053
