Date: 2018-09-08 20:14:39
Test: /usr/local/lib/perl5/site_perl/5.26.1/PerlBench/benchmarks/hash/foreach.t
Perl: /usr/local/bin/perl5.26.2-nt 5.026002
Cycles: 1099085
User-Time: 13.66
System-Time: 0
Real-Time: 13.665
CPU: 100%
Cycles-Per-Sec: 80460
Empty-Cycles-Per-Sec: 32710863
Loop-Overhead: 0.2%
Adjusted-Used-Time: 13.6263999999022
Bench-Points: 73.387
