Date: 2018-09-08 20:14:52
Test: /usr/local/lib/perl5/site_perl/5.26.1/PerlBench/benchmarks/hash/foreach.t
Perl: /usr/local/bin/cperl5.26.2-nt 5.026002
Cycles: 1099085
User-Time: 12.98
System-Time: 0
Real-Time: 12.981
CPU: 100%
Cycles-Per-Sec: 84675
Empty-Cycles-Per-Sec: 27340423
Loop-Overhead: 0.3%
Adjusted-Used-Time: 12.9398000001682
Bench-Points: 77.281
