Date: 2019-06-14 10:57:19
Test: /usr/local/lib/perl5/site_perl/5.30.0/PerlBench/benchmarks/hash/foreach.t
Perl: /usr/local/bin/cperl5.28.2-nt 5.028002
Cycles: 1161177
User-Time: 12.36
System-Time: 0
Real-Time: 12.356
CPU: 100%
Cycles-Per-Sec: 93946
Empty-Cycles-Per-Sec: 22738453
Loop-Overhead: 0.4%
Adjusted-Used-Time: 12.3089333333275
Bench-Points: 81.242
