Date: 2018-09-08 20:15:18
Test: /usr/local/lib/perl5/site_perl/5.26.1/PerlBench/benchmarks/hash/foreach.t
Perl: /usr/local/bin/cperl5.28.0-nt 5.028000
Cycles: 1099085
User-Time: 12.5
System-Time: 0
Real-Time: 12.502
CPU: 100%
Cycles-Per-Sec: 87927
Empty-Cycles-Per-Sec: 23302155
Loop-Overhead: 0.4%
Adjusted-Used-Time: 12.4528333323678
Bench-Points: 80.303
