Date: 2019-06-14 10:57:05
Test: /usr/local/lib/perl5/site_perl/5.30.0/PerlBench/benchmarks/hash/foreach.t
Perl: /usr/local/bin/perl5.28.2-nt 5.028002
Cycles: 1161177
User-Time: 13.44
System-Time: 0
Real-Time: 13.446
CPU: 100%
Cycles-Per-Sec: 86397
Empty-Cycles-Per-Sec: 22358992
Loop-Overhead: 0.4%
Adjusted-Used-Time: 13.3880666659749
Bench-Points: 74.693
