Date: 2018-09-08 20:15:05
Test: /usr/local/lib/perl5/site_perl/5.26.1/PerlBench/benchmarks/hash/foreach.t
Perl: /usr/local/bin/perl5.28.0-nt 5.028000
Cycles: 1099085
User-Time: 12.5
System-Time: 0
Real-Time: 12.502
CPU: 100%
Cycles-Per-Sec: 87927
Empty-Cycles-Per-Sec: 29179248
Loop-Overhead: 0.3%
Adjusted-Used-Time: 12.4623333336075
Bench-Points: 80.242
