Date: 2019-06-14 10:57:31
Test: /usr/local/lib/perl5/site_perl/5.30.0/PerlBench/benchmarks/hash/foreach.t
Perl: /usr/local/bin/perl5.30.0-nt 5.030000
Cycles: 1161177
User-Time: 13.06
System-Time: 0
Real-Time: 13.067
CPU: 100%
Cycles-Per-Sec: 88911
Empty-Cycles-Per-Sec: 31900467
Loop-Overhead: 0.3%
Adjusted-Used-Time: 13.0235999999624
Bench-Points: 76.784
