Date: 2019-06-14 10:57:44
Test: /usr/local/lib/perl5/site_perl/5.30.0/PerlBench/benchmarks/hash/foreach.t
Perl: /usr/local/bin/cperl5.30.0-nt 5.030000
Cycles: 1161177
User-Time: 11.88
System-Time: 0
Real-Time: 11.880
CPU: 100%
Cycles-Per-Sec: 97742
Empty-Cycles-Per-Sec: 33463314
Loop-Overhead: 0.3%
Adjusted-Used-Time: 11.8452999998745
Bench-Points: 84.422
