Date: 2016-11-01 23:12:37
Test: ./benchmarks/hash/foreach.t
Perl: /usr/local/bin/perl5.8.8-nt 5.008008
Cycles: 929272
User-Time: 13.36
System-Time: 0.06
Real-Time: 13.540
CPU: 99%
Cycles-Per-Sec: 69245
Empty-Cycles-Per-Sec: 23135402
Loop-Overhead: 0.3%
Adjusted-Used-Time: 13.3798333324833
Bench-Points: 74.739
