Date: 2019-06-14 10:54:54
Test: /usr/local/lib/perl5/site_perl/5.30.0/PerlBench/benchmarks/hash/foreach.t
Perl: /usr/local/bin/perl5.8.9-nt 5.008009
Cycles: 1161177
User-Time: 16.49
System-Time: 0
Real-Time: 16.494
CPU: 100%
Cycles-Per-Sec: 70417
Empty-Cycles-Per-Sec: 20527584
Loop-Overhead: 0.3%
Adjusted-Used-Time: 16.4334333334113
Bench-Points: 60.852
