Date: 2016-11-01 22:23:23
Test: ./benchmarks/array/shift.t
Perl: /usr/local/bin/perl5.10.1-nt 5.010001
Cycles: 9292720
User-Time: 13.19
System-Time: 0.01
Real-Time: 13.215
CPU: 100%
Cycles-Per-Sec: 703994
Empty-Cycles-Per-Sec: 22555146
Loop-Overhead: 3.1%
Adjusted-Used-Time: 12.788000006739
Bench-Points: 78.198
