Date: 2016-11-01 22:23:36
Test: ./benchmarks/array/shift.t
Perl: /usr/local/bin/perl5.12.5-nt 5.012005
Cycles: 9292720
User-Time: 15.48
System-Time: 0.06
Real-Time: 1214.865
CPU: 1%
Cycles-Per-Sec: 597987
Empty-Cycles-Per-Sec: 21297296
Loop-Overhead: 2.8%
Adjusted-Used-Time: 15.1036666739289
Bench-Points: 66.209
