Date: 2019-06-14 10:17:43
Test: /usr/local/lib/perl5/site_perl/5.30.0/PerlBench/benchmarks/array/shift.t
Perl: /usr/local/bin/perl5.14.4-nt@g 5.014004
Cycles: 11611770
User-Time: 16.05
System-Time: 0
Real-Time: 16.046
CPU: 100%
Cycles-Per-Sec: 723475
Empty-Cycles-Per-Sec: 28115666
Loop-Overhead: 2.6%
Adjusted-Used-Time: 15.6370000020629
Bench-Points: 63.951
