Date: 2016-11-01 22:43:51
Test: ./benchmarks/array/shift.t
Perl: /usr/local/bin/perl5.14.4-nt 5.014004
Cycles: 9292720
User-Time: 16.65
System-Time: 0.09
Real-Time: 17.059
CPU: 98%
Cycles-Per-Sec: 555121
Empty-Cycles-Per-Sec: 23329004
Loop-Overhead: 2.4%
Adjusted-Used-Time: 16.3416666635232
Bench-Points: 61.193
