Date: 2018-09-08 19:50:49
Test: /usr/local/lib/perl5/site_perl/5.26.1/PerlBench/benchmarks/array/shift.t
Perl: /usr/local/bin/perl5.14.4-nt 5.014004
Cycles: 10990850
User-Time: 18.06
System-Time: 0
Real-Time: 18.062
CPU: 100%
Cycles-Per-Sec: 608574
Empty-Cycles-Per-Sec: 16511042
Loop-Overhead: 3.7%
Adjusted-Used-Time: 17.3943333509781
Bench-Points: 57.49
