Date: 2016-11-01 22:44:08
Test: ./benchmarks/array/shift.t
Perl: /usr/local/bin/perl5.16.3-nt 5.016003
Cycles: 9292720
User-Time: 16.96
System-Time: 0.08
Real-Time: 17.146
CPU: 99%
Cycles-Per-Sec: 545347
Empty-Cycles-Per-Sec: 22757682
Loop-Overhead: 2.4%
Adjusted-Used-Time: 16.6316666732578
Bench-Points: 60.126
