Date: 2019-06-14 10:17:59
Test: /usr/local/lib/perl5/site_perl/5.30.0/PerlBench/benchmarks/array/shift.t
Perl: /usr/local/bin/perl5.18.4-nt 5.018004
Cycles: 11611770
User-Time: 15.5
System-Time: 0
Real-Time: 15.505
CPU: 100%
Cycles-Per-Sec: 749146
Empty-Cycles-Per-Sec: 30108306
Loop-Overhead: 2.5%
Adjusted-Used-Time: 15.1143333337983
Bench-Points: 66.162
