Date: 2016-11-01 22:44:25
Test: ./benchmarks/array/shift.t
Perl: /usr/local/bin/perl5.18.4-nt 5.018004
Cycles: 9292720
User-Time: 15.87
System-Time: 0.04
Real-Time: 15.960
CPU: 100%
Cycles-Per-Sec: 584080
Empty-Cycles-Per-Sec: 24627350
Loop-Overhead: 2.4%
Adjusted-Used-Time: 15.5326666693737
Bench-Points: 64.38
