Date: 2016-11-01 22:44:41
Test: ./benchmarks/array/shift.t
Perl: /usr/local/bin/perl5.20.3-nt 5.020003
Cycles: 9292720
User-Time: 14.5
System-Time: 0.04
Real-Time: 14.599
CPU: 100%
Cycles-Per-Sec: 639114
Empty-Cycles-Per-Sec: 22832236
Loop-Overhead: 2.8%
Adjusted-Used-Time: 14.1330000022775
Bench-Points: 70.756
