Date: 2019-06-14 10:18:30
Test: /usr/local/lib/perl5/site_perl/5.30.0/PerlBench/benchmarks/array/shift.t
Perl: /usr/local/bin/cperl5.22.5-nt 5.022005
Cycles: 11611770
User-Time: 11.99
System-Time: 0
Real-Time: 11.994
CPU: 100%
Cycles-Per-Sec: 968455
Empty-Cycles-Per-Sec: 32284810
Loop-Overhead: 3.0%
Adjusted-Used-Time: 11.6303333332301
Bench-Points: 85.982
