Date: 2019-06-14 10:18:15
Test: /usr/local/lib/perl5/site_perl/5.30.0/PerlBench/benchmarks/array/shift.t
Perl: /usr/local/bin/perl5.22.4-nt 5.022004
Cycles: 11611770
User-Time: 15.13
System-Time: 0
Real-Time: 15.137
CPU: 100%
Cycles-Per-Sec: 767467
Empty-Cycles-Per-Sec: 29496452
Loop-Overhead: 2.6%
Adjusted-Used-Time: 14.7363333312088
Bench-Points: 67.859
