Date: 2016-11-01 22:44:56
Test: ./benchmarks/array/shift.t
Perl: /usr/local/bin/cperl5.22.2-nt 5.022002
Cycles: 9292720
User-Time: 11.4
System-Time: 0.04
Real-Time: 11.495
CPU: 100%
Cycles-Per-Sec: 812301
Empty-Cycles-Per-Sec: 25861002
Loop-Overhead: 3.1%
Adjusted-Used-Time: 11.0806666686774
Bench-Points: 90.247
