Date: 2018-09-08 19:51:07
Test: /usr/local/lib/perl5/site_perl/5.26.1/PerlBench/benchmarks/array/shift.t
Perl: /usr/local/bin/perl5.22.3-nt 5.022003
Cycles: 10990850
User-Time: 14.26
System-Time: 0
Real-Time: 14.268
CPU: 100%
Cycles-Per-Sec: 770747
Empty-Cycles-Per-Sec: 20166697
Loop-Overhead: 3.8%
Adjusted-Used-Time: 13.7149999933058
Bench-Points: 72.913
