Date: 2018-09-08 19:51:21
Test: /usr/local/lib/perl5/site_perl/5.26.1/PerlBench/benchmarks/array/shift.t
Perl: /usr/local/bin/cperl5.22.5-nt 5.022005
Cycles: 10990850
User-Time: 11.26
System-Time: 0
Real-Time: 11.256
CPU: 100%
Cycles-Per-Sec: 976097
Empty-Cycles-Per-Sec: 29439777
Loop-Overhead: 3.3%
Adjusted-Used-Time: 10.8866666693841
Bench-Points: 91.855
