Date: 2016-11-01 22:45:20
Test: ./benchmarks/array/shift.t
Perl: /usr/local/bin/cperl5.24.0-nt 5.024000
Cycles: 9292720
User-Time: 10.74
System-Time: 0.02
Real-Time: 10.787
CPU: 100%
Cycles-Per-Sec: 863636
Empty-Cycles-Per-Sec: 26250621
Loop-Overhead: 3.3%
Adjusted-Used-Time: 10.4059999936763
Bench-Points: 96.098
