Date: 2019-06-14 10:18:54
Test: /usr/local/lib/perl5/site_perl/5.30.0/PerlBench/benchmarks/array/shift.t
Perl: /usr/local/bin/cperl5.24.4-nt 5.024004
Cycles: 11611770
User-Time: 12.27
System-Time: 0
Real-Time: 12.271
CPU: 100%
Cycles-Per-Sec: 946355
Empty-Cycles-Per-Sec: 32435112
Loop-Overhead: 2.9%
Adjusted-Used-Time: 11.9120000029598
Bench-Points: 83.949
