Date: 2019-06-14 10:18:42
Test: /usr/local/lib/perl5/site_perl/5.30.0/PerlBench/benchmarks/array/shift.t
Perl: /usr/local/bin/perl5.24.4-nt 5.024004
Cycles: 11611770
User-Time: 12.14
System-Time: 0
Real-Time: 12.146
CPU: 100%
Cycles-Per-Sec: 956488
Empty-Cycles-Per-Sec: 22768176
Loop-Overhead: 4.2%
Adjusted-Used-Time: 11.629999989459
Bench-Points: 85.985
