Date: 2018-09-08 19:51:45
Test: /usr/local/lib/perl5/site_perl/5.26.1/PerlBench/benchmarks/array/shift.t
Perl: /usr/local/bin/cperl5.24.3-nt 5.024003
Cycles: 10990850
User-Time: 11.09
System-Time: 0
Real-Time: 11.093
CPU: 100%
Cycles-Per-Sec: 991060
Empty-Cycles-Per-Sec: 29785501
Loop-Overhead: 3.3%
Adjusted-Used-Time: 10.7209999956019
Bench-Points: 93.275
