Date: 2018-09-08 19:51:33
Test: /usr/local/lib/perl5/site_perl/5.26.1/PerlBench/benchmarks/array/shift.t
Perl: /usr/local/bin/perl5.24.3-nt 5.024003
Cycles: 10990850
User-Time: 12.89
System-Time: 0
Real-Time: 12.888
CPU: 100%
Cycles-Per-Sec: 852665
Empty-Cycles-Per-Sec: 22339126
Loop-Overhead: 3.8%
Adjusted-Used-Time: 12.3979999996419
Bench-Points: 80.658
