Date: 2016-11-01 22:45:31
Test: ./benchmarks/array/shift.t
Perl: /usr/local/bin/perl5.24.0-nt 5.024000
Cycles: 9292720
User-Time: 11.32
System-Time: 0.04
Real-Time: 11.421
CPU: 99%
Cycles-Per-Sec: 818021
Empty-Cycles-Per-Sec: 25413090
Loop-Overhead: 3.2%
Adjusted-Used-Time: 10.9943333297918
Bench-Points: 90.956
