Date: 2016-11-01 22:45:54
Test: ./benchmarks/array/shift.t
Perl: /usr/local/bin/perl5.25.3-nt 5.025003
Cycles: 9292720
User-Time: 11.56
System-Time: 0.02
Real-Time: 11.597
CPU: 100%
Cycles-Per-Sec: 802480
Empty-Cycles-Per-Sec: 25765397
Loop-Overhead: 3.1%
Adjusted-Used-Time: 11.2193333275633
Bench-Points: 89.132
