Date: 2016-11-01 22:45:43
Test: ./benchmarks/array/shift.t
Perl: /usr/local/bin/cperl5.25.2-nt 5.025002
Cycles: 9292720
User-Time: 10.9
System-Time: 0.03
Real-Time: 10.978
CPU: 100%
Cycles-Per-Sec: 850203
Empty-Cycles-Per-Sec: 25413090
Loop-Overhead: 3.3%
Adjusted-Used-Time: 10.5643333297919
Bench-Points: 94.658
