Date: 2019-06-14 10:19:06
Test: /usr/local/lib/perl5/site_perl/5.30.0/PerlBench/benchmarks/array/shift.t
Perl: /usr/local/bin/perl5.26.3-nt 5.026003
Cycles: 11611770
User-Time: 11.16
System-Time: 0
Real-Time: 11.157
CPU: 100%
Cycles-Per-Sec: 1040481
Empty-Cycles-Per-Sec: 32254917
Loop-Overhead: 3.2%
Adjusted-Used-Time: 10.8000000037204
Bench-Points: 92.593
