Date: 2018-09-08 19:52:07
Test: /usr/local/lib/perl5/site_perl/5.26.1/PerlBench/benchmarks/array/shift.t
Perl: /usr/local/bin/cperl5.26.2-nt 5.026002
Cycles: 10990850
User-Time: 9.95
System-Time: 0
Real-Time: 9.949
CPU: 100%
Cycles-Per-Sec: 1104608
Empty-Cycles-Per-Sec: 27340423
Loop-Overhead: 4.0%
Adjusted-Used-Time: 9.54800000168249
Bench-Points: 104.73
