Date: 2018-09-08 19:51:57
Test: /usr/local/lib/perl5/site_perl/5.26.1/PerlBench/benchmarks/array/shift.t
Perl: /usr/local/bin/perl5.26.2-nt 5.026002
Cycles: 10990850
User-Time: 9.98
System-Time: 0
Real-Time: 9.999
CPU: 100%
Cycles-Per-Sec: 1101288
Empty-Cycles-Per-Sec: 32710863
Loop-Overhead: 3.4%
Adjusted-Used-Time: 9.64399999902173
Bench-Points: 103.69
