Date: 2019-06-14 10:19:18
Test: /usr/local/lib/perl5/site_perl/5.30.0/PerlBench/benchmarks/array/shift.t
Perl: /usr/local/bin/cperl5.26.5-nt 5.026005
Cycles: 11611770
User-Time: 11.3
System-Time: 0
Real-Time: 11.299
CPU: 100%
Cycles-Per-Sec: 1027590
Empty-Cycles-Per-Sec: 22005881
Loop-Overhead: 4.7%
Adjusted-Used-Time: 10.7723333276227
Bench-Points: 92.83
