Date: 2019-06-14 10:19:40
Test: /usr/local/lib/perl5/site_perl/5.30.0/PerlBench/benchmarks/array/shift.t
Perl: /usr/local/bin/cperl5.28.2-nt 5.028002
Cycles: 11611770
User-Time: 9.93
System-Time: 0
Real-Time: 9.934
CPU: 100%
Cycles-Per-Sec: 1169363
Empty-Cycles-Per-Sec: 22738453
Loop-Overhead: 5.1%
Adjusted-Used-Time: 9.41933333327469
Bench-Points: 106.16
