Date: 2019-06-14 10:19:29
Test: /usr/local/lib/perl5/site_perl/5.30.0/PerlBench/benchmarks/array/shift.t
Perl: /usr/local/bin/perl5.28.2-nt 5.028002
Cycles: 11611770
User-Time: 10.77
System-Time: 0
Real-Time: 10.772
CPU: 100%
Cycles-Per-Sec: 1078159
Empty-Cycles-Per-Sec: 22358992
Loop-Overhead: 4.8%
Adjusted-Used-Time: 10.2506666597492
Bench-Points: 97.555
