Date: 2018-09-08 19:52:27
Test: /usr/local/lib/perl5/site_perl/5.26.1/PerlBench/benchmarks/array/shift.t
Perl: /usr/local/bin/cperl5.28.0-nt 5.028000
Cycles: 10990850
User-Time: 9.58
System-Time: 0
Real-Time: 9.581
CPU: 100%
Cycles-Per-Sec: 1147270
Empty-Cycles-Per-Sec: 23302155
Loop-Overhead: 4.9%
Adjusted-Used-Time: 9.10833332367757
Bench-Points: 109.79
