Date: 2018-09-08 19:52:17
Test: /usr/local/lib/perl5/site_perl/5.26.1/PerlBench/benchmarks/array/shift.t
Perl: /usr/local/bin/perl5.28.0-nt 5.028000
Cycles: 10990850
User-Time: 10.46
System-Time: 0
Real-Time: 10.460
CPU: 100%
Cycles-Per-Sec: 1050750
Empty-Cycles-Per-Sec: 29179248
Loop-Overhead: 3.6%
Adjusted-Used-Time: 10.083333336075
Bench-Points: 99.174
