Date: 2019-06-14 10:19:50
Test: /usr/local/lib/perl5/site_perl/5.30.0/PerlBench/benchmarks/array/shift.t
Perl: /usr/local/bin/perl5.30.0-nt 5.030000
Cycles: 11611770
User-Time: 10.5
System-Time: 0
Real-Time: 10.496
CPU: 100%
Cycles-Per-Sec: 1105883
Empty-Cycles-Per-Sec: 31900467
Loop-Overhead: 3.5%
Adjusted-Used-Time: 10.1359999996238
Bench-Points: 98.658
