Date: 2019-06-14 10:20:00
Test: /usr/local/lib/perl5/site_perl/5.30.0/PerlBench/benchmarks/array/shift.t
Perl: /usr/local/bin/cperl5.30.0-nt 5.030000
Cycles: 11611770
User-Time: 9.52
System-Time: 0
Real-Time: 9.524
CPU: 100%
Cycles-Per-Sec: 1219724
Empty-Cycles-Per-Sec: 33463314
Loop-Overhead: 3.6%
Adjusted-Used-Time: 9.17299999874489
Bench-Points: 109.02
