Date: 2019-06-14 10:17:28
Test: /usr/local/lib/perl5/site_perl/5.30.0/PerlBench/benchmarks/array/shift.t
Perl: /usr/local/bin/perl5.8.9-nt 5.008009
Cycles: 11611770
User-Time: 15.59
System-Time: 0
Real-Time: 15.590
CPU: 100%
Cycles-Per-Sec: 744822
Empty-Cycles-Per-Sec: 20527584
Loop-Overhead: 3.6%
Adjusted-Used-Time: 15.0243333341128
Bench-Points: 66.559
