Date: 2016-11-01 22:23:10
Test: ./benchmarks/array/shift.t
Perl: /usr/local/bin/perl5.8.8-nt 5.008008
Cycles: 9292720
User-Time: 13
System-Time: 0.01
Real-Time: 13.080
CPU: 99%
Cycles-Per-Sec: 714275
Empty-Cycles-Per-Sec: 23135402
Loop-Overhead: 3.1%
Adjusted-Used-Time: 12.6083333248327
Bench-Points: 79.313
