Date: 2016-11-01 23:35:17
Test: ./benchmarks/re/const.t
Perl: /usr/local/bin/perl5.10.1-nt 5.010001
Cycles: 13939080
User-Time: 16.78
System-Time: 0.04
Real-Time: 16.891
CPU: 100%
Cycles-Per-Sec: 828721
Empty-Cycles-Per-Sec: 22555146
Loop-Overhead: 3.7%
Adjusted-Used-Time: 16.2020000101086
Bench-Points: 61.721
