Date: 2016-11-01 23:35:34
Test: ./benchmarks/re/const.t
Perl: /usr/local/bin/perl5.12.5-nt 5.012005
Cycles: 13939080
User-Time: 17.8
System-Time: 0.03
Real-Time: 17.883
CPU: 100%
Cycles-Per-Sec: 781777
Empty-Cycles-Per-Sec: 21297296
Loop-Overhead: 3.7%
Adjusted-Used-Time: 17.1755000108934
Bench-Points: 58.222
