Date: 2018-09-08 20:31:11
Test: /usr/local/lib/perl5/site_perl/5.26.1/PerlBench/benchmarks/re/const.t
Perl: /usr/local/bin/perl5.14.4-nt 5.014004
Cycles: 16486275
User-Time: 20.29
System-Time: 0
Real-Time: 20.293
CPU: 100%
Cycles-Per-Sec: 812532
Empty-Cycles-Per-Sec: 16511042
Loop-Overhead: 4.9%
Adjusted-Used-Time: 19.2915000264671
Bench-Points: 51.836
