Date: 2019-06-14 11:23:39
Test: /usr/local/lib/perl5/site_perl/5.30.0/PerlBench/benchmarks/re/const.t
Perl: /usr/local/bin/perl5.14.4-nt@g 5.014004
Cycles: 17417655
User-Time: 21.08
System-Time: 0
Real-Time: 21.095
CPU: 100%
Cycles-Per-Sec: 826264
Empty-Cycles-Per-Sec: 28115666
Loop-Overhead: 2.9%
Adjusted-Used-Time: 20.4605000030944
Bench-Points: 48.875
