Date: 2016-11-01 23:35:52
Test: ./benchmarks/re/const.t
Perl: /usr/local/bin/perl5.14.4-nt 5.014004
Cycles: 13939080
User-Time: 17.28
System-Time: 0.02
Real-Time: 17.324
CPU: 100%
Cycles-Per-Sec: 805727
Empty-Cycles-Per-Sec: 23329004
Loop-Overhead: 3.5%
Adjusted-Used-Time: 16.7024999952848
Bench-Points: 59.871
