Date: 2016-11-01 23:36:09
Test: ./benchmarks/re/const.t
Perl: /usr/local/bin/perl5.16.3-nt 5.016003
Cycles: 13939080
User-Time: 18.14
System-Time: 0.03
Real-Time: 18.223
CPU: 100%
Cycles-Per-Sec: 767148
Empty-Cycles-Per-Sec: 22757682
Loop-Overhead: 3.4%
Adjusted-Used-Time: 17.5575000098868
Bench-Points: 56.956
