Date: 2019-06-14 11:24:00
Test: /usr/local/lib/perl5/site_perl/5.30.0/PerlBench/benchmarks/re/const.t
Perl: /usr/local/bin/perl5.18.4-nt 5.018004
Cycles: 17417655
User-Time: 20.7
System-Time: 0
Real-Time: 20.698
CPU: 100%
Cycles-Per-Sec: 841433
Empty-Cycles-Per-Sec: 30108306
Loop-Overhead: 2.8%
Adjusted-Used-Time: 20.1215000006975
Bench-Points: 49.698
