Date: 2016-11-01 23:36:28
Test: ./benchmarks/re/const.t
Perl: /usr/local/bin/perl5.18.4-nt 5.018004
Cycles: 13939080
User-Time: 16.7
System-Time: 0.02
Real-Time: 16.740
CPU: 100%
Cycles-Per-Sec: 833677
Empty-Cycles-Per-Sec: 24627350
Loop-Overhead: 3.4%
Adjusted-Used-Time: 16.1540000040605
Bench-Points: 61.904
