Date: 2016-11-01 23:36:44
Test: ./benchmarks/re/const.t
Perl: /usr/local/bin/perl5.20.3-nt 5.020003
Cycles: 13939080
User-Time: 17.78
System-Time: 0.02
Real-Time: 17.812
CPU: 100%
Cycles-Per-Sec: 783094
Empty-Cycles-Per-Sec: 22832236
Loop-Overhead: 3.4%
Adjusted-Used-Time: 17.1895000034162
Bench-Points: 58.175
