Date: 2019-06-14 11:24:42
Test: /usr/local/lib/perl5/site_perl/5.30.0/PerlBench/benchmarks/re/const.t
Perl: /usr/local/bin/cperl5.22.5-nt 5.022005
Cycles: 17417655
User-Time: 9.81
System-Time: 0
Real-Time: 9.815
CPU: 100%
Cycles-Per-Sec: 1775500
Empty-Cycles-Per-Sec: 32284810
Loop-Overhead: 5.5%
Adjusted-Used-Time: 9.27049999984513
Bench-Points: 107.87
