Date: 2019-06-14 11:24:21
Test: /usr/local/lib/perl5/site_perl/5.30.0/PerlBench/benchmarks/re/const.t
Perl: /usr/local/bin/perl5.22.4-nt 5.022004
Cycles: 17417655
User-Time: 21.37
System-Time: 0
Real-Time: 21.374
CPU: 100%
Cycles-Per-Sec: 815052
Empty-Cycles-Per-Sec: 29496452
Loop-Overhead: 2.8%
Adjusted-Used-Time: 20.7794999968132
Bench-Points: 48.124
