Date: 2016-11-01 23:37:02
Test: ./benchmarks/re/const.t
Perl: /usr/local/bin/cperl5.22.2-nt 5.022002
Cycles: 13939080
User-Time: 7.6
System-Time: 0.01
Real-Time: 7.628
CPU: 100%
Cycles-Per-Sec: 1831679
Empty-Cycles-Per-Sec: 25861002
Loop-Overhead: 7.1%
Adjusted-Used-Time: 7.07100000301612
Bench-Points: 141.42
