Date: 2018-09-08 20:31:55
Test: /usr/local/lib/perl5/site_perl/5.26.1/PerlBench/benchmarks/re/const.t
Perl: /usr/local/bin/cperl5.22.5-nt 5.022005
Cycles: 16486275
User-Time: 9.02
System-Time: 0
Real-Time: 9.016
CPU: 100%
Cycles-Per-Sec: 1827747
Empty-Cycles-Per-Sec: 29439777
Loop-Overhead: 6.2%
Adjusted-Used-Time: 8.46000000407612
Bench-Points: 118.2
