Date: 2018-09-08 20:31:31
Test: /usr/local/lib/perl5/site_perl/5.26.1/PerlBench/benchmarks/re/const.t
Perl: /usr/local/bin/perl5.22.3-nt 5.022003
Cycles: 16486275
User-Time: 23.14
System-Time: 0
Real-Time: 23.136
CPU: 100%
Cycles-Per-Sec: 712458
Empty-Cycles-Per-Sec: 20166697
Loop-Overhead: 3.5%
Adjusted-Used-Time: 22.3224999899587
Bench-Points: 44.798
