Date: 2019-06-14 11:24:52
Test: /usr/local/lib/perl5/site_perl/5.30.0/PerlBench/benchmarks/re/const.t
Perl: /usr/local/bin/perl5.24.4-nt 5.024004
Cycles: 17417655
User-Time: 9.42
System-Time: 0
Real-Time: 9.423
CPU: 100%
Cycles-Per-Sec: 1849008
Empty-Cycles-Per-Sec: 22768176
Loop-Overhead: 8.1%
Adjusted-Used-Time: 8.65499998418846
Bench-Points: 115.54
