Date: 2019-06-14 11:25:01
Test: /usr/local/lib/perl5/site_perl/5.30.0/PerlBench/benchmarks/re/const.t
Perl: /usr/local/bin/cperl5.24.4-nt 5.024004
Cycles: 17417655
User-Time: 9.23
System-Time: 0
Real-Time: 9.230
CPU: 100%
Cycles-Per-Sec: 1887070
Empty-Cycles-Per-Sec: 32435112
Loop-Overhead: 5.8%
Adjusted-Used-Time: 8.69300000443963
Bench-Points: 115.04
