Date: 2018-09-08 20:32:04
Test: /usr/local/lib/perl5/site_perl/5.26.1/PerlBench/benchmarks/re/const.t
Perl: /usr/local/bin/perl5.24.3-nt 5.024003
Cycles: 16486275
User-Time: 9.18
System-Time: 0
Real-Time: 9.176
CPU: 100%
Cycles-Per-Sec: 1795891
Empty-Cycles-Per-Sec: 22339126
Loop-Overhead: 8.0%
Adjusted-Used-Time: 8.44199999946283
Bench-Points: 118.46
