Date: 2018-09-08 20:32:13
Test: /usr/local/lib/perl5/site_perl/5.26.1/PerlBench/benchmarks/re/const.t
Perl: /usr/local/bin/cperl5.24.3-nt 5.024003
Cycles: 16486275
User-Time: 8.66
System-Time: 0
Real-Time: 8.662
CPU: 100%
Cycles-Per-Sec: 1903727
Empty-Cycles-Per-Sec: 29785501
Loop-Overhead: 6.4%
Adjusted-Used-Time: 8.10649999340283
Bench-Points: 123.36
