Date: 2016-11-01 23:37:35
Test: ./benchmarks/re/const.t
Perl: /usr/local/bin/perl5.24.0-nt 5.024000
Cycles: 13939080
User-Time: 7.24
System-Time: 0.02
Real-Time: 7.294
CPU: 100%
Cycles-Per-Sec: 1919983
Empty-Cycles-Per-Sec: 25413090
Loop-Overhead: 7.6%
Adjusted-Used-Time: 6.71149999468778
Bench-Points: 149
