Date: 2016-11-01 23:37:27
Test: ./benchmarks/re/const.t
Perl: /usr/local/bin/cperl5.24.0-nt 5.024000
Cycles: 13939080
User-Time: 7.92
System-Time: 0.01
Real-Time: 7.946
CPU: 100%
Cycles-Per-Sec: 1757765
Empty-Cycles-Per-Sec: 26250621
Loop-Overhead: 6.7%
Adjusted-Used-Time: 7.39899999051451
Bench-Points: 135.15
