Date: 2016-11-01 23:37:43
Test: ./benchmarks/re/const.t
Perl: /usr/local/bin/cperl5.25.2-nt 5.025002
Cycles: 13939080
User-Time: 7.18
System-Time: 0.01
Real-Time: 7.212
CPU: 100%
Cycles-Per-Sec: 1938676
Empty-Cycles-Per-Sec: 25413090
Loop-Overhead: 7.6%
Adjusted-Used-Time: 6.64149999468778
Bench-Points: 150.57
