Date: 2016-11-01 23:37:50
Test: ./benchmarks/re/const.t
Perl: /usr/local/bin/perl5.25.3-nt 5.025003
Cycles: 13939080
User-Time: 7.37
System-Time: 0.03
Real-Time: 7.439
CPU: 99%
Cycles-Per-Sec: 1883659
Empty-Cycles-Per-Sec: 25765397
Loop-Overhead: 7.3%
Adjusted-Used-Time: 6.85899999134498
Bench-Points: 145.79
