Date: 2019-06-14 11:25:10
Test: /usr/local/lib/perl5/site_perl/5.30.0/PerlBench/benchmarks/re/const.t
Perl: /usr/local/bin/perl5.26.3-nt 5.026003
Cycles: 17417655
User-Time: 9.72
System-Time: 0
Real-Time: 9.720
CPU: 100%
Cycles-Per-Sec: 1791940
Empty-Cycles-Per-Sec: 32254917
Loop-Overhead: 5.6%
Adjusted-Used-Time: 9.18000000558055
Bench-Points: 108.93
