Date: 2018-09-08 20:32:30
Test: /usr/local/lib/perl5/site_perl/5.26.1/PerlBench/benchmarks/re/const.t
Perl: /usr/local/bin/cperl5.26.2-nt 5.026002
Cycles: 16486275
User-Time: 9.19
System-Time: 0
Real-Time: 9.192
CPU: 100%
Cycles-Per-Sec: 1793936
Empty-Cycles-Per-Sec: 27340423
Loop-Overhead: 6.6%
Adjusted-Used-Time: 8.58700000252374
Bench-Points: 116.46
