Date: 2018-09-08 20:32:21
Test: /usr/local/lib/perl5/site_perl/5.26.1/PerlBench/benchmarks/re/const.t
Perl: /usr/local/bin/perl5.26.2-nt 5.026002
Cycles: 16486275
User-Time: 8.66
System-Time: 0
Real-Time: 8.660
CPU: 100%
Cycles-Per-Sec: 1903727
Empty-Cycles-Per-Sec: 32710863
Loop-Overhead: 5.8%
Adjusted-Used-Time: 8.1559999985326
Bench-Points: 122.61
