Date: 2019-06-14 11:25:20
Test: /usr/local/lib/perl5/site_perl/5.30.0/PerlBench/benchmarks/re/const.t
Perl: /usr/local/bin/cperl5.26.5-nt 5.026005
Cycles: 17417655
User-Time: 10.13
System-Time: 0
Real-Time: 10.124
CPU: 100%
Cycles-Per-Sec: 1719413
Empty-Cycles-Per-Sec: 22005881
Loop-Overhead: 7.8%
Adjusted-Used-Time: 9.33849999143411
Bench-Points: 107.08
