Date: 2018-09-08 20:32:49
Test: /usr/local/lib/perl5/site_perl/5.26.1/PerlBench/benchmarks/re/const.t
Perl: /usr/local/bin/cperl5.28.0-nt 5.028000
Cycles: 16486275
User-Time: 9.5
System-Time: 0
Real-Time: 9.496
CPU: 100%
Cycles-Per-Sec: 1735397
Empty-Cycles-Per-Sec: 23302155
Loop-Overhead: 7.4%
Adjusted-Used-Time: 8.79249998551636
Bench-Points: 113.73
