Date: 2018-09-08 20:32:39
Test: /usr/local/lib/perl5/site_perl/5.26.1/PerlBench/benchmarks/re/const.t
Perl: /usr/local/bin/perl5.28.0-nt 5.028000
Cycles: 16486275
User-Time: 9.9
System-Time: 0
Real-Time: 9.903
CPU: 100%
Cycles-Per-Sec: 1665280
Empty-Cycles-Per-Sec: 29179248
Loop-Overhead: 5.7%
Adjusted-Used-Time: 9.33500000411251
Bench-Points: 107.12
