Date: 2019-06-14 11:25:30
Test: /usr/local/lib/perl5/site_perl/5.30.0/PerlBench/benchmarks/re/const.t
Perl: /usr/local/bin/perl5.28.2-nt 5.028002
Cycles: 17417655
User-Time: 9.77
System-Time: 0
Real-Time: 9.765
CPU: 100%
Cycles-Per-Sec: 1782769
Empty-Cycles-Per-Sec: 22358992
Loop-Overhead: 8.0%
Adjusted-Used-Time: 8.99099998962386
Bench-Points: 111.22
