Date: 2019-06-14 11:25:40
Test: /usr/local/lib/perl5/site_perl/5.30.0/PerlBench/benchmarks/re/const.t
Perl: /usr/local/bin/cperl5.28.2-nt 5.028002
Cycles: 17417655
User-Time: 9.97
System-Time: 0
Real-Time: 9.975
CPU: 100%
Cycles-Per-Sec: 1747007
Empty-Cycles-Per-Sec: 22738453
Loop-Overhead: 7.7%
Adjusted-Used-Time: 9.20399999991204
Bench-Points: 108.65
