Date: 2019-06-14 11:25:50
Test: /usr/local/lib/perl5/site_perl/5.30.0/PerlBench/benchmarks/re/const.t
Perl: /usr/local/bin/perl5.30.0-nt 5.030000
Cycles: 17417655
User-Time: 10.15
System-Time: 0
Real-Time: 10.147
CPU: 100%
Cycles-Per-Sec: 1716025
Empty-Cycles-Per-Sec: 31900467
Loop-Overhead: 5.4%
Adjusted-Used-Time: 9.60399999943574
Bench-Points: 104.12
