Date: 2019-06-14 11:26:00
Test: /usr/local/lib/perl5/site_perl/5.30.0/PerlBench/benchmarks/re/const.t
Perl: /usr/local/bin/cperl5.30.0-nt 5.030000
Cycles: 17417655
User-Time: 9.16
System-Time: 0
Real-Time: 9.170
CPU: 100%
Cycles-Per-Sec: 1901491
Empty-Cycles-Per-Sec: 33463314
Loop-Overhead: 5.7%
Adjusted-Used-Time: 8.63949999811734
Bench-Points: 115.75
