Date: 2019-06-14 11:23:00
Test: /usr/local/lib/perl5/site_perl/5.30.0/PerlBench/benchmarks/re/const.t
Perl: /usr/local/bin/perl5.6.2-nt 5.006002
Cycles: 17417655
User-Time: 19.36
System-Time: 0
Real-Time: 19
CPU: 102%
Cycles-Per-Sec: 899672
Empty-Cycles-Per-Sec: 19256667
Loop-Overhead: 4.7%
Adjusted-Used-Time: 18.4555000156569
Bench-Points: 54.184
