Date: 2016-11-01 23:35:02
Test: ./benchmarks/re/const.t
Perl: /usr/local/bin/perl5.8.8-nt 5.008008
Cycles: 13939080
User-Time: 15.24
System-Time: 0.01
Real-Time: 15.266
CPU: 100%
Cycles-Per-Sec: 914038
Empty-Cycles-Per-Sec: 23135402
Loop-Overhead: 4.0%
Adjusted-Used-Time: 14.647499987249
Bench-Points: 68.271
