Date: 2019-06-14 11:23:19
Test: /usr/local/lib/perl5/site_perl/5.30.0/PerlBench/benchmarks/re/const.t
Perl: /usr/local/bin/perl5.8.9-nt 5.008009
Cycles: 17417655
User-Time: 19.53
System-Time: 0
Real-Time: 19.532
CPU: 100%
Cycles-Per-Sec: 891841
Empty-Cycles-Per-Sec: 20527584
Loop-Overhead: 4.3%
Adjusted-Used-Time: 18.6815000011692
Bench-Points: 53.529
