Date: 2016-11-01 23:40:35
Test: ./benchmarks/startup/fewmod.t
Perl: /usr/local/bin/perl5.10.1-nt 5.010001
Cycles: 464
User-Time: 6.28
System-Time: 1.23
Real-Time: 7.627
CPU: 98%
Cycles-Per-Sec: 61.784
Empty-Cycles-Per-Sec: 22555146
Loop-Overhead: 0.0%
Adjusted-Used-Time: 7.50997942819789
Bench-Points: 133.16
