Date: 2016-11-01 23:40:43
Test: ./benchmarks/startup/fewmod.t
Perl: /usr/local/bin/perl5.12.5-nt 5.012005
Cycles: 464
User-Time: 5.82
System-Time: 1.19
Real-Time: 7.133
CPU: 98%
Cycles-Per-Sec: 66.191
Empty-Cycles-Per-Sec: 21297296
Loop-Overhead: 0.0%
Adjusted-Used-Time: 7.00997821319664
Bench-Points: 142.65
