Date: 2016-11-01 23:40:50
Test: ./benchmarks/startup/fewmod.t
Perl: /usr/local/bin/perl5.14.4-nt 5.014004
Cycles: 464
User-Time: 6.61
System-Time: 1.41
Real-Time: 10.183
CPU: 79%
Cycles-Per-Sec: 57.855
Empty-Cycles-Per-Sec: 23329004
Loop-Overhead: 0.0%
Adjusted-Used-Time: 8.01998011059538
Bench-Points: 124.69
