Date: 2016-11-01 23:41:00
Test: ./benchmarks/startup/fewmod.t
Perl: /usr/local/bin/perl5.16.3-nt 5.016003
Cycles: 464
User-Time: 6.55
System-Time: 1.4
Real-Time: 8.166
CPU: 97%
Cycles-Per-Sec: 58.365
Empty-Cycles-Per-Sec: 22757682
Loop-Overhead: 0.0%
Adjusted-Used-Time: 7.94997961128027
Bench-Points: 125.79
