Date: 2016-11-01 23:41:08
Test: ./benchmarks/startup/fewmod.t
Perl: /usr/local/bin/perl5.18.4-nt 5.018004
Cycles: 464
User-Time: 5.4
System-Time: 1.27
Real-Time: 8.620
CPU: 77%
Cycles-Per-Sec: 69.565
Empty-Cycles-Per-Sec: 24627350
Loop-Overhead: 0.0%
Adjusted-Used-Time: 6.66998115915842
Bench-Points: 149.93
