Date: 2016-11-01 23:41:17
Test: ./benchmarks/startup/fewmod.t
Perl: /usr/local/bin/perl5.20.3-nt 5.020003
Cycles: 464
User-Time: 6.62
System-Time: 1.56
Real-Time: 8.397
CPU: 97%
Cycles-Per-Sec: 56.724
Empty-Cycles-Per-Sec: 22832236
Loop-Overhead: 0.0%
Adjusted-Used-Time: 8.17997967785547
Bench-Points: 122.25
