Date: 2016-11-01 23:41:26
Test: ./benchmarks/startup/fewmod.t
Perl: /usr/local/bin/cperl5.22.2-nt 5.022002
Cycles: 464
User-Time: 7.73
System-Time: 1.58
Real-Time: 11.501
CPU: 81%
Cycles-Per-Sec: 49.839
Empty-Cycles-Per-Sec: 25861002
Loop-Overhead: 0.0%
Adjusted-Used-Time: 9.30998205792645
Bench-Points: 107.41
