Date: 2016-11-01 23:41:37
Test: ./benchmarks/startup/fewmod.t
Perl: /usr/local/bin/perl5.22.2-nt 5.022002
Cycles: 464
User-Time: 6.8
System-Time: 1.55
Real-Time: 8.551
CPU: 98%
Cycles-Per-Sec: 55.569
Empty-Cycles-Per-Sec: 23231800
Loop-Overhead: 0.0%
Adjusted-Used-Time: 8.34998002737627
Bench-Points: 119.76
