Date: 2016-11-01 23:41:46
Test: ./benchmarks/startup/fewmod.t
Perl: /usr/local/bin/cperl5.24.0-nt 5.024000
Cycles: 464
User-Time: 7.56
System-Time: 1.43
Real-Time: 9.172
CPU: 98%
Cycles-Per-Sec: 51.613
Empty-Cycles-Per-Sec: 26250621
Loop-Overhead: 0.0%
Adjusted-Used-Time: 8.98998232422768
Bench-Points: 111.23
