Date: 2016-11-01 23:41:55
Test: ./benchmarks/startup/fewmod.t
Perl: /usr/local/bin/perl5.24.0-nt 5.024000
Cycles: 464
User-Time: 6.54
System-Time: 1.43
Real-Time: 8.146
CPU: 98%
Cycles-Per-Sec: 58.218
Empty-Cycles-Per-Sec: 25413090
Loop-Overhead: 0.0%
Adjusted-Used-Time: 7.96998174169296
Bench-Points: 125.47
