Date: 2016-11-01 23:42:03
Test: ./benchmarks/startup/fewmod.t
Perl: /usr/local/bin/cperl5.25.2-nt 5.025002
Cycles: 464
User-Time: 7.58
System-Time: 1.45
Real-Time: 11.048
CPU: 82%
Cycles-Per-Sec: 51.384
Empty-Cycles-Per-Sec: 25413090
Loop-Overhead: 0.0%
Adjusted-Used-Time: 9.02998174169296
Bench-Points: 110.74
