Date: 2016-11-01 23:42:14
Test: ./benchmarks/startup/fewmod.t
Perl: /usr/local/bin/perl5.25.3-nt 5.025003
Cycles: 464
User-Time: 6.47
System-Time: 1.44
Real-Time: 9.939
CPU: 80%
Cycles-Per-Sec: 58.660
Empty-Cycles-Per-Sec: 25765397
Loop-Overhead: 0.0%
Adjusted-Used-Time: 7.90998199135065
Bench-Points: 126.42
