Date: 2019-06-14 11:31:05
Test: /usr/local/lib/perl5/site_perl/5.30.0/PerlBench/benchmarks/startup/fewmod.t
Perl: /usr/local/bin/cperl5.26.5-nt 5.026005
Cycles: 580
User-Time: 10.93
System-Time: 1.55
Real-Time: 12.481
CPU: 100%
Cycles-Per-Sec: 46.474
Empty-Cycles-Per-Sec: 22005881
Loop-Overhead: 0.0%
Adjusted-Used-Time: 12.4799736434092
Bench-Points: 80.128
