Date: 2018-09-08 20:36:05
Test: /usr/local/lib/perl5/site_perl/5.26.1/PerlBench/benchmarks/startup/fewmod.t
Perl: /usr/local/bin/cperl5.26.2-nt 5.026002
Cycles: 549
User-Time: 10.33
System-Time: 1.38
Real-Time: 11.692
CPU: 100%
Cycles-Per-Sec: 46.883
Empty-Cycles-Per-Sec: 27340423
Loop-Overhead: 0.0%
Adjusted-Used-Time: 11.7099799198425
Bench-Points: 85.397
