Date: 2019-06-14 11:31:29
Test: /usr/local/lib/perl5/site_perl/5.30.0/PerlBench/benchmarks/startup/fewmod.t
Perl: /usr/local/bin/cperl5.28.2-nt 5.028002
Cycles: 580
User-Time: 11.05
System-Time: 1.56
Real-Time: 12.618
CPU: 100%
Cycles-Per-Sec: 45.995
Empty-Cycles-Per-Sec: 22738453
Loop-Overhead: 0.0%
Adjusted-Used-Time: 12.6099744925479
Bench-Points: 79.302
