Date: 2018-09-08 20:36:26
Test: /usr/local/lib/perl5/site_perl/5.26.1/PerlBench/benchmarks/startup/fewmod.t
Perl: /usr/local/bin/cperl5.28.0-nt 5.028000
Cycles: 549
User-Time: 10.28
System-Time: 1.41
Real-Time: 11.683
CPU: 100%
Cycles-Per-Sec: 46.963
Empty-Cycles-Per-Sec: 23302155
Loop-Overhead: 0.0%
Adjusted-Used-Time: 11.6899764399473
Bench-Points: 85.543
