Date: 2016-11-01 23:40:26
Test: ./benchmarks/startup/fewmod.t
Perl: /usr/local/bin/perl5.8.8-nt 5.008008
Cycles: 464
User-Time: 5.9
System-Time: 1.33
Real-Time: 9.307
CPU: 78%
Cycles-Per-Sec: 64.177
Empty-Cycles-Per-Sec: 23135402
Loop-Overhead: 0.0%
Adjusted-Used-Time: 7.22997994415658
Bench-Points: 138.31
