Date: 2016-11-01 19:21:05
Test: ./benchmarks/array/pop.t
Perl: /usr/local/bin/perl5.10.1-nt 5.010001
Cycles: 9292720
User-Time: 13.45
System-Time: 0.01
Real-Time: 13.462
CPU: 100%
Cycles-Per-Sec: 690395
Empty-Cycles-Per-Sec: 22555146
Loop-Overhead: 3.1%
Adjusted-Used-Time: 13.048000006739
Bench-Points: 76.64
