Date: 2016-11-01 19:21:18
Test: ./benchmarks/array/pop.t
Perl: /usr/local/bin/perl5.12.5-nt 5.012005
Cycles: 9292720
User-Time: 13.48
System-Time: 0.01
Real-Time: 13.505
CPU: 100%
Cycles-Per-Sec: 688860
Empty-Cycles-Per-Sec: 21297296
Loop-Overhead: 3.2%
Adjusted-Used-Time: 13.0536666739289
Bench-Points: 76.607
