Date: 2018-09-08 19:49:05
Test: /usr/local/lib/perl5/site_perl/5.26.1/PerlBench/benchmarks/array/pop.t
Perl: /usr/local/bin/perl5.14.4-nt 5.014004
Cycles: 10990850
User-Time: 19.02
System-Time: 0
Real-Time: 19.016
CPU: 100%
Cycles-Per-Sec: 577858
Empty-Cycles-Per-Sec: 16511042
Loop-Overhead: 3.5%
Adjusted-Used-Time: 18.3543333509781
Bench-Points: 54.483
