Date: 2019-06-14 10:14:55
Test: /usr/local/lib/perl5/site_perl/5.30.0/PerlBench/benchmarks/array/pop.t
Perl: /usr/local/bin/perl5.14.4-nt@g 5.014004
Cycles: 11611770
User-Time: 16.01
System-Time: 0
Real-Time: 16.011
CPU: 100%
Cycles-Per-Sec: 725282
Empty-Cycles-Per-Sec: 28115666
Loop-Overhead: 2.6%
Adjusted-Used-Time: 15.5970000020629
Bench-Points: 64.115
