Date: 2016-11-01 19:21:32
Test: ./benchmarks/array/pop.t
Perl: /usr/local/bin/perl5.14.4-nt 5.014004
Cycles: 9292720
User-Time: 14.91
System-Time: 0.01
Real-Time: 14.963
CPU: 100%
Cycles-Per-Sec: 622836
Empty-Cycles-Per-Sec: 23329004
Loop-Overhead: 2.7%
Adjusted-Used-Time: 14.5216666635232
Bench-Points: 68.863
