Date: 2016-11-01 19:21:47
Test: ./benchmarks/array/pop.t
Perl: /usr/local/bin/perl5.16.3-nt 5.016003
Cycles: 9292720
User-Time: 14.62
System-Time: 0.01
Real-Time: 14.644
CPU: 100%
Cycles-Per-Sec: 635183
Empty-Cycles-Per-Sec: 22757682
Loop-Overhead: 2.8%
Adjusted-Used-Time: 14.2216666732578
Bench-Points: 70.315
