Date: 2016-11-01 19:22:01
Test: ./benchmarks/array/pop.t
Perl: /usr/local/bin/perl5.18.4-nt 5.018004
Cycles: 9292720
User-Time: 13.94
System-Time: 0
Real-Time: 13.953
CPU: 100%
Cycles-Per-Sec: 666623
Empty-Cycles-Per-Sec: 24627350
Loop-Overhead: 2.7%
Adjusted-Used-Time: 13.5626666693737
Bench-Points: 73.732
