Date: 2016-11-01 19:22:15
Test: ./benchmarks/array/pop.t
Perl: /usr/local/bin/perl5.20.3-nt 5.020003
Cycles: 9292720
User-Time: 11.78
System-Time: 0.05
Real-Time: 3607.671
CPU: 0%
Cycles-Per-Sec: 785522
Empty-Cycles-Per-Sec: 22832236
Loop-Overhead: 3.4%
Adjusted-Used-Time: 11.4230000022775
Bench-Points: 87.543
