Date: 2019-06-14 10:15:42
Test: /usr/local/lib/perl5/site_perl/5.30.0/PerlBench/benchmarks/array/pop.t
Perl: /usr/local/bin/cperl5.22.5-nt 5.022005
Cycles: 11611770
User-Time: 11.43
System-Time: 0
Real-Time: 11.425
CPU: 100%
Cycles-Per-Sec: 1015903
Empty-Cycles-Per-Sec: 32284810
Loop-Overhead: 3.1%
Adjusted-Used-Time: 11.0703333332301
Bench-Points: 90.332
