Date: 2016-11-01 20:22:23
Test: ./benchmarks/array/pop.t
Perl: /usr/local/bin/cperl5.22.2-nt 5.022002
Cycles: 9292720
User-Time: 8.19
System-Time: 0.04
Real-Time: 8.310
CPU: 99%
Cycles-Per-Sec: 1129128
Empty-Cycles-Per-Sec: 25861002
Loop-Overhead: 4.4%
Adjusted-Used-Time: 7.87066666867741
Bench-Points: 127.05
