Date: 2019-06-14 10:15:27
Test: /usr/local/lib/perl5/site_perl/5.30.0/PerlBench/benchmarks/array/pop.t
Perl: /usr/local/bin/perl5.22.4-nt 5.022004
Cycles: 11611770
User-Time: 14.71
System-Time: 0
Real-Time: 14.711
CPU: 100%
Cycles-Per-Sec: 789379
Empty-Cycles-Per-Sec: 29496452
Loop-Overhead: 2.7%
Adjusted-Used-Time: 14.3163333312088
Bench-Points: 69.85
