Date: 2018-09-08 19:49:38
Test: /usr/local/lib/perl5/site_perl/5.26.1/PerlBench/benchmarks/array/pop.t
Perl: /usr/local/bin/cperl5.22.5-nt 5.022005
Cycles: 10990850
User-Time: 10.42
System-Time: 0
Real-Time: 10.419
CPU: 100%
Cycles-Per-Sec: 1054784
Empty-Cycles-Per-Sec: 29439777
Loop-Overhead: 3.6%
Adjusted-Used-Time: 10.0466666693841
Bench-Points: 99.536
