Date: 2016-11-01 20:22:41
Test: ./benchmarks/array/pop.t
Perl: /usr/local/bin/cperl5.24.0-nt 5.024000
Cycles: 9292720
User-Time: 6.87
System-Time: 0
Real-Time: 6.884
CPU: 100%
Cycles-Per-Sec: 1352652
Empty-Cycles-Per-Sec: 26250621
Loop-Overhead: 5.2%
Adjusted-Used-Time: 6.51599999367634
Bench-Points: 153.47
