Date: 2016-11-01 20:22:48
Test: ./benchmarks/array/pop.t
Perl: /usr/local/bin/perl5.24.0-nt 5.024000
Cycles: 9292720
User-Time: 7.96
System-Time: 0.01
Real-Time: 7.973
CPU: 100%
Cycles-Per-Sec: 1165962
Empty-Cycles-Per-Sec: 25413090
Loop-Overhead: 4.6%
Adjusted-Used-Time: 7.60433332979185
Bench-Points: 131.5
