Date: 2019-06-14 10:16:03
Test: /usr/local/lib/perl5/site_perl/5.30.0/PerlBench/benchmarks/array/pop.t
Perl: /usr/local/bin/cperl5.24.4-nt 5.024004
Cycles: 11611770
User-Time: 10.44
System-Time: 0
Real-Time: 10.443
CPU: 100%
Cycles-Per-Sec: 1112239
Empty-Cycles-Per-Sec: 32435112
Loop-Overhead: 3.4%
Adjusted-Used-Time: 10.0820000029598
Bench-Points: 99.187
