Date: 2018-09-08 19:50:00
Test: /usr/local/lib/perl5/site_perl/5.26.1/PerlBench/benchmarks/array/pop.t
Perl: /usr/local/bin/cperl5.24.3-nt 5.024003
Cycles: 10990850
User-Time: 10.46
System-Time: 0
Real-Time: 10.462
CPU: 100%
Cycles-Per-Sec: 1050750
Empty-Cycles-Per-Sec: 29785501
Loop-Overhead: 3.5%
Adjusted-Used-Time: 10.0909999956019
Bench-Points: 99.098
