Date: 2019-06-14 10:15:53
Test: /usr/local/lib/perl5/site_perl/5.30.0/PerlBench/benchmarks/array/pop.t
Perl: /usr/local/bin/perl5.24.4-nt 5.024004
Cycles: 11611770
User-Time: 10.41
System-Time: 0
Real-Time: 10.411
CPU: 100%
Cycles-Per-Sec: 1115444
Empty-Cycles-Per-Sec: 22768176
Loop-Overhead: 4.9%
Adjusted-Used-Time: 9.89999998945897
Bench-Points: 101.01
