Date: 2018-09-08 19:49:49
Test: /usr/local/lib/perl5/site_perl/5.26.1/PerlBench/benchmarks/array/pop.t
Perl: /usr/local/bin/perl5.24.3-nt 5.024003
Cycles: 10990850
User-Time: 10.79
System-Time: 0
Real-Time: 10.782
CPU: 100%
Cycles-Per-Sec: 1018614
Empty-Cycles-Per-Sec: 22339126
Loop-Overhead: 4.6%
Adjusted-Used-Time: 10.2979999996419
Bench-Points: 97.106
