Date: 2016-11-01 20:22:56
Test: ./benchmarks/array/pop.t
Perl: /usr/local/bin/cperl5.25.2-nt 5.025002
Cycles: 9292720
User-Time: 7.91
System-Time: 0.01
Real-Time: 7205.101
CPU: 0%
Cycles-Per-Sec: 1173323
Empty-Cycles-Per-Sec: 25413090
Loop-Overhead: 4.6%
Adjusted-Used-Time: 7.55433332979185
Bench-Points: 132.37
