Date: 2016-11-01 22:23:01
Test: ./benchmarks/array/pop.t
Perl: /usr/local/bin/perl5.25.3-nt 5.025003
Cycles: 9292720
User-Time: 7.96
System-Time: 0.02
Real-Time: 8.859
CPU: 90%
Cycles-Per-Sec: 1164501
Empty-Cycles-Per-Sec: 25765397
Loop-Overhead: 4.5%
Adjusted-Used-Time: 7.61933332756332
Bench-Points: 131.25
