Date: 2018-09-08 19:50:10
Test: /usr/local/lib/perl5/site_perl/5.26.1/PerlBench/benchmarks/array/pop.t
Perl: /usr/local/bin/perl5.26.2-nt 5.026002
Cycles: 10990850
User-Time: 10.07
System-Time: 0
Real-Time: 10.066
CPU: 100%
Cycles-Per-Sec: 1091445
Empty-Cycles-Per-Sec: 32710863
Loop-Overhead: 3.3%
Adjusted-Used-Time: 9.73399999902173
Bench-Points: 102.73
