Date: 2019-06-14 10:16:23
Test: /usr/local/lib/perl5/site_perl/5.30.0/PerlBench/benchmarks/array/pop.t
Perl: /usr/local/bin/cperl5.26.5-nt 5.026005
Cycles: 11611770
User-Time: 10.23
System-Time: 0
Real-Time: 10.230
CPU: 100%
Cycles-Per-Sec: 1135070
Empty-Cycles-Per-Sec: 22005881
Loop-Overhead: 5.2%
Adjusted-Used-Time: 9.70233332762274
Bench-Points: 103.07
