Date: 2018-09-08 19:50:20
Test: /usr/local/lib/perl5/site_perl/5.26.1/PerlBench/benchmarks/array/pop.t
Perl: /usr/local/bin/cperl5.26.2-nt 5.026002
Cycles: 10990850
User-Time: 10.01
System-Time: 0
Real-Time: 10.016
CPU: 100%
Cycles-Per-Sec: 1097987
Empty-Cycles-Per-Sec: 27340423
Loop-Overhead: 4.0%
Adjusted-Used-Time: 9.60800000168249
Bench-Points: 104.08
