Date: 2019-06-14 10:16:14
Test: /usr/local/lib/perl5/site_perl/5.30.0/PerlBench/benchmarks/array/pop.t
Perl: /usr/local/bin/perl5.26.3-nt 5.026003
Cycles: 11611770
User-Time: 9.59
System-Time: 0
Real-Time: 9.590
CPU: 100%
Cycles-Per-Sec: 1210821
Empty-Cycles-Per-Sec: 32254917
Loop-Overhead: 3.8%
Adjusted-Used-Time: 9.23000000372036
Bench-Points: 108.34
