Date: 2018-09-08 19:50:40
Test: /usr/local/lib/perl5/site_perl/5.26.1/PerlBench/benchmarks/array/pop.t
Perl: /usr/local/bin/cperl5.28.0-nt 5.028000
Cycles: 10990850
User-Time: 9.19
System-Time: 0
Real-Time: 9.196
CPU: 100%
Cycles-Per-Sec: 1195958
Empty-Cycles-Per-Sec: 23302155
Loop-Overhead: 5.1%
Adjusted-Used-Time: 8.71833332367757
Bench-Points: 114.7
