Date: 2018-09-08 19:50:30
Test: /usr/local/lib/perl5/site_perl/5.26.1/PerlBench/benchmarks/array/pop.t
Perl: /usr/local/bin/perl5.28.0-nt 5.028000
Cycles: 10990850
User-Time: 9.54
System-Time: 0
Real-Time: 9.544
CPU: 100%
Cycles-Per-Sec: 1152081
Empty-Cycles-Per-Sec: 29179248
Loop-Overhead: 3.9%
Adjusted-Used-Time: 9.16333333607501
Bench-Points: 109.13
