Date: 2019-06-14 10:16:34
Test: /usr/local/lib/perl5/site_perl/5.30.0/PerlBench/benchmarks/array/pop.t
Perl: /usr/local/bin/perl5.28.2-nt 5.028002
Cycles: 11611770
User-Time: 8.95
System-Time: 0
Real-Time: 8.951
CPU: 100%
Cycles-Per-Sec: 1297404
Empty-Cycles-Per-Sec: 22358992
Loop-Overhead: 5.8%
Adjusted-Used-Time: 8.43066665974924
Bench-Points: 118.61
