Date: 2019-06-14 10:16:43
Test: /usr/local/lib/perl5/site_perl/5.30.0/PerlBench/benchmarks/array/pop.t
Perl: /usr/local/bin/cperl5.28.2-nt 5.028002
Cycles: 11611770
User-Time: 9.37
System-Time: 0
Real-Time: 9.364
CPU: 100%
Cycles-Per-Sec: 1239250
Empty-Cycles-Per-Sec: 22738453
Loop-Overhead: 5.5%
Adjusted-Used-Time: 8.85933333327469
Bench-Points: 112.88
