Date: 2019-06-14 10:16:52
Test: /usr/local/lib/perl5/site_perl/5.30.0/PerlBench/benchmarks/array/pop.t
Perl: /usr/local/bin/perl5.30.0-nt 5.030000
Cycles: 11611770
User-Time: 9.58
System-Time: 0
Real-Time: 9.586
CPU: 100%
Cycles-Per-Sec: 1212085
Empty-Cycles-Per-Sec: 31900467
Loop-Overhead: 3.8%
Adjusted-Used-Time: 9.21599999962383
Bench-Points: 108.51
