Date: 2019-06-14 10:17:02
Test: /usr/local/lib/perl5/site_perl/5.30.0/PerlBench/benchmarks/array/pop.t
Perl: /usr/local/bin/cperl5.30.0-nt 5.030000
Cycles: 11611770
User-Time: 8.27
System-Time: 0
Real-Time: 8.268
CPU: 100%
Cycles-Per-Sec: 1404083
Empty-Cycles-Per-Sec: 33463314
Loop-Overhead: 4.2%
Adjusted-Used-Time: 7.92299999874489
Bench-Points: 126.21
