Date: 2019-06-14 10:14:23
Test: /usr/local/lib/perl5/site_perl/5.30.0/PerlBench/benchmarks/array/pop.t
Perl: /usr/local/bin/perl5.6.2-nt 5.006002
Cycles: 11611770
User-Time: 16.44
System-Time: 0
Real-Time: 16
CPU: 103%
Cycles-Per-Sec: 706312
Empty-Cycles-Per-Sec: 19256667
Loop-Overhead: 3.7%
Adjusted-Used-Time: 15.8370000104379
Bench-Points: 63.143
