Date: 2016-11-01 19:20:52
Test: ./benchmarks/array/pop.t
Perl: /usr/local/bin/perl5.8.8-nt 5.008008
Cycles: 9292720
User-Time: 13.04
System-Time: 0.01
Real-Time: 13.064
CPU: 100%
Cycles-Per-Sec: 712086
Empty-Cycles-Per-Sec: 23135402
Loop-Overhead: 3.1%
Adjusted-Used-Time: 12.6483333248327
Bench-Points: 79.062
