Date: 2019-06-14 10:14:39
Test: /usr/local/lib/perl5/site_perl/5.30.0/PerlBench/benchmarks/array/pop.t
Perl: /usr/local/bin/perl5.8.9-nt 5.008009
Cycles: 11611770
User-Time: 16.19
System-Time: 0
Real-Time: 16.194
CPU: 100%
Cycles-Per-Sec: 717219
Empty-Cycles-Per-Sec: 20527584
Loop-Overhead: 3.5%
Adjusted-Used-Time: 15.6243333341128
Bench-Points: 64.003
