Date: 2016-11-01 23:15:21
Test: ./benchmarks/hash/get.t
Perl: /usr/local/bin/perl5.10.1-nt 5.010001
Cycles: 9292720
User-Time: 12.22
System-Time: 0.04
Real-Time: 12.321
CPU: 100%
Cycles-Per-Sec: 757971
Empty-Cycles-Per-Sec: 22555146
Loop-Overhead: 3.4%
Adjusted-Used-Time: 11.848000006739
Bench-Points: 84.402
