Date: 2016-11-01 23:15:33
Test: ./benchmarks/hash/get.t
Perl: /usr/local/bin/perl5.12.5-nt 5.012005
Cycles: 9292720
User-Time: 12.2
System-Time: 0.08
Real-Time: 12.773
CPU: 96%
Cycles-Per-Sec: 756736
Empty-Cycles-Per-Sec: 21297296
Loop-Overhead: 3.6%
Adjusted-Used-Time: 11.8436666739289
Bench-Points: 84.433
