Date: 2019-06-14 10:58:25
Test: /usr/local/lib/perl5/site_perl/5.30.0/PerlBench/benchmarks/hash/get.t
Perl: /usr/local/bin/perl5.14.4-nt@g 5.014004
Cycles: 11611770
User-Time: 14.49
System-Time: 0
Real-Time: 14.491
CPU: 100%
Cycles-Per-Sec: 801364
Empty-Cycles-Per-Sec: 28115666
Loop-Overhead: 2.9%
Adjusted-Used-Time: 14.0770000020629
Bench-Points: 71.038
