Date: 2016-11-01 23:15:46
Test: ./benchmarks/hash/get.t
Perl: /usr/local/bin/perl5.14.4-nt 5.014004
Cycles: 9292720
User-Time: 11.55
System-Time: 0.06
Real-Time: 11.703
CPU: 99%
Cycles-Per-Sec: 800407
Empty-Cycles-Per-Sec: 23329004
Loop-Overhead: 3.4%
Adjusted-Used-Time: 11.2116666635232
Bench-Points: 89.193
