Date: 2018-09-08 20:15:30
Test: /usr/local/lib/perl5/site_perl/5.26.1/PerlBench/benchmarks/hash/get.t
Perl: /usr/local/bin/perl5.14.4-nt 5.014004
Cycles: 10990850
User-Time: 15.48
System-Time: 0
Real-Time: 15.479
CPU: 100%
Cycles-Per-Sec: 710003
Empty-Cycles-Per-Sec: 16511042
Loop-Overhead: 4.3%
Adjusted-Used-Time: 14.8143333509781
Bench-Points: 67.502
