Date: 2016-11-01 23:15:57
Test: ./benchmarks/hash/get.t
Perl: /usr/local/bin/perl5.16.3-nt 5.016003
Cycles: 9292720
User-Time: 11.71
System-Time: 0.06
Real-Time: 11.844
CPU: 99%
Cycles-Per-Sec: 789526
Empty-Cycles-Per-Sec: 22757682
Loop-Overhead: 3.5%
Adjusted-Used-Time: 11.3616666732578
Bench-Points: 88.015
