Date: 2019-06-14 10:58:40
Test: /usr/local/lib/perl5/site_perl/5.30.0/PerlBench/benchmarks/hash/get.t
Perl: /usr/local/bin/perl5.18.4-nt 5.018004
Cycles: 11611770
User-Time: 14.03
System-Time: 0
Real-Time: 14.036
CPU: 100%
Cycles-Per-Sec: 827639
Empty-Cycles-Per-Sec: 30108306
Loop-Overhead: 2.7%
Adjusted-Used-Time: 13.6443333337983
Bench-Points: 73.29
