Date: 2016-11-01 23:16:09
Test: ./benchmarks/hash/get.t
Perl: /usr/local/bin/perl5.18.4-nt 5.018004
Cycles: 9292720
User-Time: 10.63
System-Time: 0.05
Real-Time: 10.724
CPU: 100%
Cycles-Per-Sec: 870105
Empty-Cycles-Per-Sec: 24627350
Loop-Overhead: 3.5%
Adjusted-Used-Time: 10.3026666693737
Bench-Points: 97.062
