Date: 2016-11-01 23:16:20
Test: ./benchmarks/hash/get.t
Perl: /usr/local/bin/perl5.20.3-nt 5.020003
Cycles: 9292720
User-Time: 10.43
System-Time: 0.06
Real-Time: 10.560
CPU: 99%
Cycles-Per-Sec: 885865
Empty-Cycles-Per-Sec: 22832236
Loop-Overhead: 3.9%
Adjusted-Used-Time: 10.0830000022775
Bench-Points: 99.177
