Date: 2019-06-14 10:59:06
Test: /usr/local/lib/perl5/site_perl/5.30.0/PerlBench/benchmarks/hash/get.t
Perl: /usr/local/bin/cperl5.22.5-nt 5.022005
Cycles: 11611770
User-Time: 10.99
System-Time: 0
Real-Time: 10.991
CPU: 100%
Cycles-Per-Sec: 1056576
Empty-Cycles-Per-Sec: 32284810
Loop-Overhead: 3.3%
Adjusted-Used-Time: 10.6303333332301
Bench-Points: 94.07
