Date: 2018-09-08 20:15:57
Test: /usr/local/lib/perl5/site_perl/5.26.1/PerlBench/benchmarks/hash/get.t
Perl: /usr/local/bin/cperl5.22.5-nt 5.022005
Cycles: 10990850
User-Time: 10.67
System-Time: 0
Real-Time: 10.666
CPU: 100%
Cycles-Per-Sec: 1030070
Empty-Cycles-Per-Sec: 29439777
Loop-Overhead: 3.5%
Adjusted-Used-Time: 10.2966666693841
Bench-Points: 97.119
