Date: 2016-11-01 23:16:31
Test: ./benchmarks/hash/get.t
Perl: /usr/local/bin/cperl5.22.2-nt 5.022002
Cycles: 9292720
User-Time: 8.83
System-Time: 0.05
Real-Time: 9.173
CPU: 97%
Cycles-Per-Sec: 1046477
Empty-Cycles-Per-Sec: 25861002
Loop-Overhead: 4.0%
Adjusted-Used-Time: 8.52066666867742
Bench-Points: 117.36
