Date: 2019-06-14 10:58:54
Test: /usr/local/lib/perl5/site_perl/5.30.0/PerlBench/benchmarks/hash/get.t
Perl: /usr/local/bin/perl5.22.4-nt 5.022004
Cycles: 11611770
User-Time: 11.61
System-Time: 0
Real-Time: 11.611
CPU: 100%
Cycles-Per-Sec: 1000152
Empty-Cycles-Per-Sec: 29496452
Loop-Overhead: 3.4%
Adjusted-Used-Time: 11.2163333312088
Bench-Points: 89.156
