Date: 2018-09-08 20:15:46
Test: /usr/local/lib/perl5/site_perl/5.26.1/PerlBench/benchmarks/hash/get.t
Perl: /usr/local/bin/perl5.22.3-nt 5.022003
Cycles: 10990850
User-Time: 11.2
System-Time: 0
Real-Time: 11.204
CPU: 100%
Cycles-Per-Sec: 981326
Empty-Cycles-Per-Sec: 20166697
Loop-Overhead: 4.9%
Adjusted-Used-Time: 10.6549999933058
Bench-Points: 93.853
