Date: 2019-06-14 10:59:28
Test: /usr/local/lib/perl5/site_perl/5.30.0/PerlBench/benchmarks/hash/get.t
Perl: /usr/local/bin/cperl5.24.4-nt 5.024004
Cycles: 11611770
User-Time: 11.15
System-Time: 0
Real-Time: 11.152
CPU: 100%
Cycles-Per-Sec: 1041414
Empty-Cycles-Per-Sec: 32435112
Loop-Overhead: 3.2%
Adjusted-Used-Time: 10.7920000029598
Bench-Points: 92.661
