Date: 2019-06-14 10:59:17
Test: /usr/local/lib/perl5/site_perl/5.30.0/PerlBench/benchmarks/hash/get.t
Perl: /usr/local/bin/perl5.24.4-nt 5.024004
Cycles: 11611770
User-Time: 11.76
System-Time: 0
Real-Time: 11.758
CPU: 100%
Cycles-Per-Sec: 987395
Empty-Cycles-Per-Sec: 22768176
Loop-Overhead: 4.3%
Adjusted-Used-Time: 11.249999989459
Bench-Points: 88.889
