Date: 2016-11-01 23:16:57
Test: ./benchmarks/hash/get.t
Perl: /usr/local/bin/perl5.24.0-nt 5.024000
Cycles: 9292720
User-Time: 8.38
System-Time: 0.04
Real-Time: 8.465
CPU: 99%
Cycles-Per-Sec: 1103648
Empty-Cycles-Per-Sec: 25413090
Loop-Overhead: 4.3%
Adjusted-Used-Time: 8.05433332979185
Bench-Points: 124.16
