Date: 2016-11-01 23:16:49
Test: ./benchmarks/hash/get.t
Perl: /usr/local/bin/cperl5.24.0-nt 5.024000
Cycles: 9292720
User-Time: 7.9
System-Time: 0.04
Real-Time: 7.984
CPU: 99%
Cycles-Per-Sec: 1170368
Empty-Cycles-Per-Sec: 26250621
Loop-Overhead: 4.5%
Adjusted-Used-Time: 7.58599999367634
Bench-Points: 131.82
