Date: 2018-09-08 20:16:08
Test: /usr/local/lib/perl5/site_perl/5.26.1/PerlBench/benchmarks/hash/get.t
Perl: /usr/local/bin/perl5.24.3-nt 5.024003
Cycles: 10990850
User-Time: 10.52
System-Time: 0
Real-Time: 10.523
CPU: 100%
Cycles-Per-Sec: 1044758
Empty-Cycles-Per-Sec: 22339126
Loop-Overhead: 4.7%
Adjusted-Used-Time: 10.0279999996419
Bench-Points: 99.721
