Date: 2016-11-01 23:17:14
Test: ./benchmarks/hash/get.t
Perl: /usr/local/bin/perl5.25.3-nt 5.025003
Cycles: 9292720
User-Time: 8.6
System-Time: 0.04
Real-Time: 8.679
CPU: 100%
Cycles-Per-Sec: 1075546
Empty-Cycles-Per-Sec: 25765397
Loop-Overhead: 4.2%
Adjusted-Used-Time: 8.27933332756332
Bench-Points: 120.78
