Date: 2016-11-01 23:17:06
Test: ./benchmarks/hash/get.t
Perl: /usr/local/bin/cperl5.25.2-nt 5.025002
Cycles: 9292720
User-Time: 7.96
System-Time: 0.04
Real-Time: 8.032
CPU: 100%
Cycles-Per-Sec: 1161590
Empty-Cycles-Per-Sec: 25413090
Loop-Overhead: 4.6%
Adjusted-Used-Time: 7.63433332979185
Bench-Points: 130.99
