Date: 2018-09-08 20:16:29
Test: /usr/local/lib/perl5/site_perl/5.26.1/PerlBench/benchmarks/hash/get.t
Perl: /usr/local/bin/perl5.26.2-nt 5.026002
Cycles: 10990850
User-Time: 10.42
System-Time: 0
Real-Time: 10.415
CPU: 100%
Cycles-Per-Sec: 1054784
Empty-Cycles-Per-Sec: 32710863
Loop-Overhead: 3.2%
Adjusted-Used-Time: 10.0839999990217
Bench-Points: 99.167
