Date: 2019-06-14 10:59:50
Test: /usr/local/lib/perl5/site_perl/5.30.0/PerlBench/benchmarks/hash/get.t
Perl: /usr/local/bin/cperl5.26.5-nt 5.026005
Cycles: 11611770
User-Time: 10.98
System-Time: 0
Real-Time: 10.977
CPU: 100%
Cycles-Per-Sec: 1057538
Empty-Cycles-Per-Sec: 22005881
Loop-Overhead: 4.8%
Adjusted-Used-Time: 10.4523333276227
Bench-Points: 95.672
