Date: 2019-06-14 10:59:39
Test: /usr/local/lib/perl5/site_perl/5.30.0/PerlBench/benchmarks/hash/get.t
Perl: /usr/local/bin/perl5.26.3-nt 5.026003
Cycles: 11611770
User-Time: 10.97
System-Time: 0
Real-Time: 10.974
CPU: 100%
Cycles-Per-Sec: 1058502
Empty-Cycles-Per-Sec: 32254917
Loop-Overhead: 3.3%
Adjusted-Used-Time: 10.6100000037204
Bench-Points: 94.251
