Date: 2019-06-14 11:00:12
Test: /usr/local/lib/perl5/site_perl/5.30.0/PerlBench/benchmarks/hash/get.t
Perl: /usr/local/bin/cperl5.28.2-nt 5.028002
Cycles: 11611770
User-Time: 12.09
System-Time: 0
Real-Time: 12.092
CPU: 100%
Cycles-Per-Sec: 960444
Empty-Cycles-Per-Sec: 22738453
Loop-Overhead: 4.2%
Adjusted-Used-Time: 11.5793333332747
Bench-Points: 86.361
