Date: 2018-09-08 20:16:49
Test: /usr/local/lib/perl5/site_perl/5.26.1/PerlBench/benchmarks/hash/get.t
Perl: /usr/local/bin/perl5.28.0-nt 5.028000
Cycles: 10990850
User-Time: 10.57
System-Time: 0
Real-Time: 10.569
CPU: 100%
Cycles-Per-Sec: 1039816
Empty-Cycles-Per-Sec: 29179248
Loop-Overhead: 3.6%
Adjusted-Used-Time: 10.193333336075
Bench-Points: 98.103
