Date: 2018-09-08 20:17:00
Test: /usr/local/lib/perl5/site_perl/5.26.1/PerlBench/benchmarks/hash/get.t
Perl: /usr/local/bin/cperl5.28.0-nt 5.028000
Cycles: 10990850
User-Time: 10.2
System-Time: 0
Real-Time: 10.194
CPU: 100%
Cycles-Per-Sec: 1077534
Empty-Cycles-Per-Sec: 23302155
Loop-Overhead: 4.6%
Adjusted-Used-Time: 9.72833332367757
Bench-Points: 102.79
