Date: 2019-06-14 11:00:39
Test: /usr/local/lib/perl5/site_perl/5.30.0/PerlBench/benchmarks/hash/get.t
Perl: /usr/local/bin/cperl5.30.0-nt 5.030000
Cycles: 11611770
User-Time: 11.19
System-Time: 0
Real-Time: 11.190
CPU: 100%
Cycles-Per-Sec: 1037692
Empty-Cycles-Per-Sec: 33463314
Loop-Overhead: 3.1%
Adjusted-Used-Time: 10.8429999987449
Bench-Points: 92.225
