Date: 2019-06-14 11:00:24
Test: /usr/local/lib/perl5/site_perl/5.30.0/PerlBench/benchmarks/hash/get.t
Perl: /usr/local/bin/perl5.30.0-nt 5.030000
Cycles: 11611770
User-Time: 14.33
System-Time: 0
Real-Time: 14.332
CPU: 100%
Cycles-Per-Sec: 810312
Empty-Cycles-Per-Sec: 31900467
Loop-Overhead: 2.5%
Adjusted-Used-Time: 13.9659999996238
Bench-Points: 71.602
