Date: 2019-06-14 10:57:56
Test: /usr/local/lib/perl5/site_perl/5.30.0/PerlBench/benchmarks/hash/get.t
Perl: /usr/local/bin/perl5.6.2-nt 5.006002
Cycles: 11611770
User-Time: 15.59
System-Time: 0
Real-Time: 16
CPU: 97%
Cycles-Per-Sec: 744822
Empty-Cycles-Per-Sec: 19256667
Loop-Overhead: 3.9%
Adjusted-Used-Time: 14.9870000104379
Bench-Points: 66.724
