Date: 2016-11-01 23:15:10
Test: ./benchmarks/hash/get.t
Perl: /usr/local/bin/perl5.8.8-nt 5.008008
Cycles: 9292720
User-Time: 10.51
System-Time: 0.01
Real-Time: 10.544
CPU: 100%
Cycles-Per-Sec: 883338
Empty-Cycles-Per-Sec: 23135402
Loop-Overhead: 3.8%
Adjusted-Used-Time: 10.1183333248327
Bench-Points: 98.831
