Date: 2019-06-14 10:58:12
Test: /usr/local/lib/perl5/site_perl/5.30.0/PerlBench/benchmarks/hash/get.t
Perl: /usr/local/bin/perl5.8.9-nt 5.008009
Cycles: 11611770
User-Time: 13.85
System-Time: 0
Real-Time: 13.845
CPU: 100%
Cycles-Per-Sec: 838395
Empty-Cycles-Per-Sec: 20527584
Loop-Overhead: 4.1%
Adjusted-Used-Time: 13.2843333341128
Bench-Points: 75.277
