Date: 2016-11-01 22:51:35
Test: ./benchmarks/call/0arg.t
Perl: /usr/local/bin/perl5.10.1-nt 5.010001
Cycles: 23231800
User-Time: 10.38
System-Time: 0.02
Real-Time: 10.448
CPU: 100%
Cycles-Per-Sec: 2233827
Empty-Cycles-Per-Sec: 22555146
Loop-Overhead: 9.9%
Adjusted-Used-Time: 9.3700000168476
Bench-Points: 106.72
