Date: 2016-11-01 22:51:46
Test: ./benchmarks/call/0arg.t
Perl: /usr/local/bin/perl5.12.5-nt 5.012005
Cycles: 23231800
User-Time: 10.17
System-Time: 0.01
Real-Time: 10.183
CPU: 100%
Cycles-Per-Sec: 2282102
Empty-Cycles-Per-Sec: 21297296
Loop-Overhead: 10.7%
Adjusted-Used-Time: 9.08916668482234
Bench-Points: 110.02
