Date: 2019-06-14 10:27:05
Test: /usr/local/lib/perl5/site_perl/5.30.0/PerlBench/benchmarks/call/0arg.t
Perl: /usr/local/bin/perl5.14.4-nt@g 5.014004
Cycles: 29029425
User-Time: 13.95
System-Time: 0
Real-Time: 13.953
CPU: 100%
Cycles-Per-Sec: 2080962
Empty-Cycles-Per-Sec: 28115666
Loop-Overhead: 7.4%
Adjusted-Used-Time: 12.9175000051573
Bench-Points: 77.414
