Date: 2018-09-08 19:56:33
Test: /usr/local/lib/perl5/site_perl/5.26.1/PerlBench/benchmarks/call/0arg.t
Perl: /usr/local/bin/perl5.14.4-nt 5.014004
Cycles: 27477125
User-Time: 13.65
System-Time: 0
Real-Time: 13.651
CPU: 100%
Cycles-Per-Sec: 2012976
Empty-Cycles-Per-Sec: 16511042
Loop-Overhead: 12.2%
Adjusted-Used-Time: 11.9858333774452
Bench-Points: 83.432
