Date: 2016-11-01 22:51:56
Test: ./benchmarks/call/0arg.t
Perl: /usr/local/bin/perl5.14.4-nt 5.014004
Cycles: 23231800
User-Time: 10.05
System-Time: 0.01
Real-Time: 10.071
CPU: 100%
Cycles-Per-Sec: 2309324
Empty-Cycles-Per-Sec: 23329004
Loop-Overhead: 9.9%
Adjusted-Used-Time: 9.06416665880807
Bench-Points: 110.32
