Date: 2016-11-01 22:52:06
Test: ./benchmarks/call/0arg.t
Perl: /usr/local/bin/perl5.16.3-nt 5.016003
Cycles: 23231800
User-Time: 10.05
System-Time: 0
Real-Time: 10.058
CPU: 100%
Cycles-Per-Sec: 2311622
Empty-Cycles-Per-Sec: 22757682
Loop-Overhead: 10.2%
Adjusted-Used-Time: 9.02916668314462
Bench-Points: 110.75
