Date: 2019-06-14 10:27:19
Test: /usr/local/lib/perl5/site_perl/5.30.0/PerlBench/benchmarks/call/0arg.t
Perl: /usr/local/bin/perl5.18.4-nt 5.018004
Cycles: 29029425
User-Time: 12.28
System-Time: 0
Real-Time: 12.284
CPU: 100%
Cycles-Per-Sec: 2363960
Empty-Cycles-Per-Sec: 30108306
Loop-Overhead: 7.9%
Adjusted-Used-Time: 11.3158333344958
Bench-Points: 88.372
