Date: 2016-11-01 22:52:16
Test: ./benchmarks/call/0arg.t
Perl: /usr/local/bin/perl5.18.4-nt 5.018004
Cycles: 23231800
User-Time: 9.06
System-Time: 0.01
Real-Time: 9.086
CPU: 100%
Cycles-Per-Sec: 2561389
Empty-Cycles-Per-Sec: 24627350
Loop-Overhead: 10.4%
Adjusted-Used-Time: 8.12666667343421
Bench-Points: 123.05
