Date: 2016-11-01 22:52:25
Test: ./benchmarks/call/0arg.t
Perl: /usr/local/bin/perl5.20.3-nt 5.020003
Cycles: 23231800
User-Time: 9.62
System-Time: 0.01
Real-Time: 9.631
CPU: 100%
Cycles-Per-Sec: 2412440
Empty-Cycles-Per-Sec: 22832236
Loop-Overhead: 10.6%
Adjusted-Used-Time: 8.6125000056937
Bench-Points: 116.11
