Date: 2018-09-08 19:56:46
Test: /usr/local/lib/perl5/site_perl/5.26.1/PerlBench/benchmarks/call/0arg.t
Perl: /usr/local/bin/perl5.22.3-nt 5.022003
Cycles: 27477125
User-Time: 11.81
System-Time: 0
Real-Time: 11.811
CPU: 100%
Cycles-Per-Sec: 2326598
Empty-Cycles-Per-Sec: 20166697
Loop-Overhead: 11.5%
Adjusted-Used-Time: 10.4474999832645
Bench-Points: 95.717
