Date: 2018-09-08 19:56:58
Test: /usr/local/lib/perl5/site_perl/5.26.1/PerlBench/benchmarks/call/0arg.t
Perl: /usr/local/bin/cperl5.22.5-nt 5.022005
Cycles: 27477125
User-Time: 13.89
System-Time: 0
Real-Time: 13.887
CPU: 100%
Cycles-Per-Sec: 1978195
Empty-Cycles-Per-Sec: 29439777
Loop-Overhead: 6.7%
Adjusted-Used-Time: 12.9566666734602
Bench-Points: 77.18
