Date: 2016-11-01 22:52:35
Test: ./benchmarks/call/0arg.t
Perl: /usr/local/bin/cperl5.22.2-nt 5.022002
Cycles: 23231800
User-Time: 8.92
System-Time: 0.01
Real-Time: 8.956
CPU: 100%
Cycles-Per-Sec: 2601545
Empty-Cycles-Per-Sec: 25861002
Loop-Overhead: 10.1%
Adjusted-Used-Time: 8.03166667169354
Bench-Points: 124.51
