Date: 2019-06-14 10:27:44
Test: /usr/local/lib/perl5/site_perl/5.30.0/PerlBench/benchmarks/call/0arg.t
Perl: /usr/local/bin/cperl5.22.5-nt 5.022005
Cycles: 29029425
User-Time: 11.98
System-Time: 0
Real-Time: 11.980
CPU: 100%
Cycles-Per-Sec: 2423157
Empty-Cycles-Per-Sec: 32284810
Loop-Overhead: 7.5%
Adjusted-Used-Time: 11.0808333330752
Bench-Points: 90.246
