Date: 2019-06-14 10:27:31
Test: /usr/local/lib/perl5/site_perl/5.30.0/PerlBench/benchmarks/call/0arg.t
Perl: /usr/local/bin/perl5.22.4-nt 5.022004
Cycles: 29029425
User-Time: 12.25
System-Time: 0
Real-Time: 12.251
CPU: 100%
Cycles-Per-Sec: 2369749
Empty-Cycles-Per-Sec: 29496452
Loop-Overhead: 8.0%
Adjusted-Used-Time: 11.265833328022
Bench-Points: 88.764
