Date: 2019-06-14 10:27:56
Test: /usr/local/lib/perl5/site_perl/5.30.0/PerlBench/benchmarks/call/0arg.t
Perl: /usr/local/bin/perl5.24.4-nt 5.024004
Cycles: 29029425
User-Time: 9.73
System-Time: 0
Real-Time: 9.736
CPU: 100%
Cycles-Per-Sec: 2983497
Empty-Cycles-Per-Sec: 22768176
Loop-Overhead: 13.1%
Adjusted-Used-Time: 8.45499997364743
Bench-Points: 118.27
