Date: 2018-09-08 19:57:12
Test: /usr/local/lib/perl5/site_perl/5.26.1/PerlBench/benchmarks/call/0arg.t
Perl: /usr/local/bin/perl5.24.3-nt 5.024003
Cycles: 27477125
User-Time: 9.34
System-Time: 0
Real-Time: 9.344
CPU: 100%
Cycles-Per-Sec: 2941876
Empty-Cycles-Per-Sec: 22339126
Loop-Overhead: 13.2%
Adjusted-Used-Time: 8.10999999910471
Bench-Points: 123.3
