Date: 2016-11-01 22:52:59
Test: ./benchmarks/call/0arg.t
Perl: /usr/local/bin/perl5.24.0-nt 5.024000
Cycles: 23231800
User-Time: 6.73
System-Time: 0.01
Real-Time: 6.754
CPU: 100%
Cycles-Per-Sec: 3446855
Empty-Cycles-Per-Sec: 25413090
Loop-Overhead: 13.6%
Adjusted-Used-Time: 5.82583332447963
Bench-Points: 171.65
