Date: 2018-09-08 19:57:22
Test: /usr/local/lib/perl5/site_perl/5.26.1/PerlBench/benchmarks/call/0arg.t
Perl: /usr/local/bin/cperl5.24.3-nt 5.024003
Cycles: 27477125
User-Time: 8.35
System-Time: 0
Real-Time: 8.346
CPU: 100%
Cycles-Per-Sec: 3290674
Empty-Cycles-Per-Sec: 29785501
Loop-Overhead: 11.0%
Adjusted-Used-Time: 7.42749998900472
Bench-Points: 134.63
