Date: 2016-11-01 22:52:53
Test: ./benchmarks/call/0arg.t
Perl: /usr/local/bin/cperl5.24.0-nt 5.024000
Cycles: 23231800
User-Time: 6.46
System-Time: 0
Real-Time: 6.472
CPU: 100%
Cycles-Per-Sec: 3596254
Empty-Cycles-Per-Sec: 26250621
Loop-Overhead: 13.7%
Adjusted-Used-Time: 5.57499998419085
Bench-Points: 179.37
