Date: 2019-06-14 10:28:05
Test: /usr/local/lib/perl5/site_perl/5.30.0/PerlBench/benchmarks/call/0arg.t
Perl: /usr/local/bin/cperl5.24.4-nt 5.024004
Cycles: 29029425
User-Time: 8.65
System-Time: 0
Real-Time: 8.657
CPU: 100%
Cycles-Per-Sec: 3356003
Empty-Cycles-Per-Sec: 32435112
Loop-Overhead: 10.3%
Adjusted-Used-Time: 7.75500000739939
Bench-Points: 128.95
