Date: 2016-11-01 22:53:06
Test: ./benchmarks/call/0arg.t
Perl: /usr/local/bin/cperl5.25.2-nt 5.025002
Cycles: 23231800
User-Time: 6.71
System-Time: 0.01
Real-Time: 6.737
CPU: 100%
Cycles-Per-Sec: 3457113
Empty-Cycles-Per-Sec: 25413090
Loop-Overhead: 13.6%
Adjusted-Used-Time: 5.80583332447963
Bench-Points: 172.24
