Date: 2016-11-01 22:53:13
Test: ./benchmarks/call/0arg.t
Perl: /usr/local/bin/perl5.25.3-nt 5.025003
Cycles: 23231800
User-Time: 6.53
System-Time: 0.01
Real-Time: 6.551
CPU: 100%
Cycles-Per-Sec: 3552263
Empty-Cycles-Per-Sec: 25765397
Loop-Overhead: 13.8%
Adjusted-Used-Time: 5.6383333189083
Bench-Points: 177.36
