Date: 2019-06-14 10:28:24
Test: /usr/local/lib/perl5/site_perl/5.30.0/PerlBench/benchmarks/call/0arg.t
Perl: /usr/local/bin/cperl5.26.5-nt 5.026005
Cycles: 29029425
User-Time: 10.29
System-Time: 0
Real-Time: 10.288
CPU: 100%
Cycles-Per-Sec: 2821130
Empty-Cycles-Per-Sec: 22005881
Loop-Overhead: 12.8%
Adjusted-Used-Time: 8.97083331905685
Bench-Points: 111.47
