Date: 2019-06-14 10:28:14
Test: /usr/local/lib/perl5/site_perl/5.30.0/PerlBench/benchmarks/call/0arg.t
Perl: /usr/local/bin/perl5.26.3-nt 5.026003
Cycles: 29029425
User-Time: 9.61
System-Time: 0
Real-Time: 9.610
CPU: 100%
Cycles-Per-Sec: 3020752
Empty-Cycles-Per-Sec: 32254917
Loop-Overhead: 9.4%
Adjusted-Used-Time: 8.71000000930091
Bench-Points: 114.81
