Date: 2018-09-08 19:57:40
Test: /usr/local/lib/perl5/site_perl/5.26.1/PerlBench/benchmarks/call/0arg.t
Perl: /usr/local/bin/cperl5.26.2-nt 5.026002
Cycles: 27477125
User-Time: 9.1
System-Time: 0
Real-Time: 9.104
CPU: 100%
Cycles-Per-Sec: 3019464
Empty-Cycles-Per-Sec: 27340423
Loop-Overhead: 11.0%
Adjusted-Used-Time: 8.09500000420623
Bench-Points: 123.53
