Date: 2018-09-08 19:57:30
Test: /usr/local/lib/perl5/site_perl/5.26.1/PerlBench/benchmarks/call/0arg.t
Perl: /usr/local/bin/perl5.26.2-nt 5.026002
Cycles: 27477125
User-Time: 10.07
System-Time: 0
Real-Time: 10.085
CPU: 100%
Cycles-Per-Sec: 2728612
Empty-Cycles-Per-Sec: 32710863
Loop-Overhead: 8.3%
Adjusted-Used-Time: 9.22999999755433
Bench-Points: 108.34
