Date: 2019-06-14 10:28:34
Test: /usr/local/lib/perl5/site_perl/5.30.0/PerlBench/benchmarks/call/0arg.t
Perl: /usr/local/bin/perl5.28.2-nt 5.028002
Cycles: 29029425
User-Time: 8.5
System-Time: 0
Real-Time: 8.501
CPU: 100%
Cycles-Per-Sec: 3415226
Empty-Cycles-Per-Sec: 22358992
Loop-Overhead: 15.3%
Adjusted-Used-Time: 7.2016666493731
Bench-Points: 138.86
