Date: 2018-09-08 19:57:49
Test: /usr/local/lib/perl5/site_perl/5.26.1/PerlBench/benchmarks/call/0arg.t
Perl: /usr/local/bin/perl5.28.0-nt 5.028000
Cycles: 27477125
User-Time: 9.32
System-Time: 0
Real-Time: 9.320
CPU: 100%
Cycles-Per-Sec: 2948189
Empty-Cycles-Per-Sec: 29179248
Loop-Overhead: 10.1%
Adjusted-Used-Time: 8.37833334018752
Bench-Points: 119.36
