Date: 2019-06-14 10:28:43
Test: /usr/local/lib/perl5/site_perl/5.30.0/PerlBench/benchmarks/call/0arg.t
Perl: /usr/local/bin/cperl5.28.2-nt 5.028002
Cycles: 29029425
User-Time: 10.58
System-Time: 0
Real-Time: 10.587
CPU: 100%
Cycles-Per-Sec: 2743802
Empty-Cycles-Per-Sec: 22738453
Loop-Overhead: 12.1%
Adjusted-Used-Time: 9.30333333318674
Bench-Points: 107.49
