Date: 2018-09-08 19:57:58
Test: /usr/local/lib/perl5/site_perl/5.26.1/PerlBench/benchmarks/call/0arg.t
Perl: /usr/local/bin/cperl5.28.0-nt 5.028000
Cycles: 27477125
User-Time: 8.06
System-Time: 0
Real-Time: 8.058
CPU: 100%
Cycles-Per-Sec: 3409073
Empty-Cycles-Per-Sec: 23302155
Loop-Overhead: 14.6%
Adjusted-Used-Time: 6.88083330919394
Bench-Points: 145.33
