Date: 2019-06-14 10:28:53
Test: /usr/local/lib/perl5/site_perl/5.30.0/PerlBench/benchmarks/call/0arg.t
Perl: /usr/local/bin/perl5.30.0-nt 5.030000
Cycles: 29029425
User-Time: 8.53
System-Time: 0
Real-Time: 8.524
CPU: 100%
Cycles-Per-Sec: 3403215
Empty-Cycles-Per-Sec: 31900467
Loop-Overhead: 10.7%
Adjusted-Used-Time: 7.61999999905957
Bench-Points: 131.23
