Date: 2019-06-14 10:29:02
Test: /usr/local/lib/perl5/site_perl/5.30.0/PerlBench/benchmarks/call/0arg.t
Perl: /usr/local/bin/cperl5.30.0-nt 5.030000
Cycles: 29029425
User-Time: 9.86
System-Time: 0
Real-Time: 9.862
CPU: 100%
Cycles-Per-Sec: 2944161
Empty-Cycles-Per-Sec: 33463314
Loop-Overhead: 8.8%
Adjusted-Used-Time: 8.99249999686223
Bench-Points: 111.2
