Date: 2019-06-14 10:26:35
Test: /usr/local/lib/perl5/site_perl/5.30.0/PerlBench/benchmarks/call/0arg.t
Perl: /usr/local/bin/perl5.6.2-nt 5.006002
Cycles: 29029425
User-Time: 16.41
System-Time: 0
Real-Time: 16
CPU: 103%
Cycles-Per-Sec: 1769008
Empty-Cycles-Per-Sec: 19256667
Loop-Overhead: 9.2%
Adjusted-Used-Time: 14.9025000260949
Bench-Points: 67.103
