Date: 2019-06-14 10:26:51
Test: /usr/local/lib/perl5/site_perl/5.30.0/PerlBench/benchmarks/call/0arg.t
Perl: /usr/local/bin/perl5.8.9-nt 5.008009
Cycles: 29029425
User-Time: 14.2
System-Time: 0
Real-Time: 14.199
CPU: 100%
Cycles-Per-Sec: 2044326
Empty-Cycles-Per-Sec: 20527584
Loop-Overhead: 10.0%
Adjusted-Used-Time: 12.7858333352819
Bench-Points: 78.212
