Date: 2016-11-01 22:51:24
Test: ./benchmarks/call/0arg.t
Perl: /usr/local/bin/perl5.8.8-nt 5.008008
Cycles: 23231800
User-Time: 10.96
System-Time: 0.01
Real-Time: 10.972
CPU: 100%
Cycles-Per-Sec: 2117758
Empty-Cycles-Per-Sec: 23135402
Loop-Overhead: 9.2%
Adjusted-Used-Time: 9.96583331208163
Bench-Points: 100.34
