Date: 2016-11-01 19:09:22
Test: ./benchmarks/arith/mixed.t
Perl: /usr/local/bin/perl5.10.1-nt 5.010001
Cycles: 18585440
User-Time: 10.78
System-Time: 0.02
Real-Time: 10.813
CPU: 100%
Cycles-Per-Sec: 1720874
Empty-Cycles-Per-Sec: 22555146
Loop-Overhead: 7.6%
Adjusted-Used-Time: 9.97600001347808
Bench-Points: 100.24
