Date: 2016-11-01 19:09:33
Test: ./benchmarks/arith/mixed.t
Perl: /usr/local/bin/perl5.12.5-nt 5.012005
Cycles: 18585440
User-Time: 10.67
System-Time: 0.01
Real-Time: 10.690
CPU: 100%
Cycles-Per-Sec: 1740210
Empty-Cycles-Per-Sec: 21297296
Loop-Overhead: 8.2%
Adjusted-Used-Time: 9.80733334785787
Bench-Points: 101.96
