Date: 2016-11-01 19:09:44
Test: ./benchmarks/arith/mixed.t
Perl: /usr/local/bin/perl5.14.4-nt 5.014004
Cycles: 18585440
User-Time: 10.07
System-Time: 0.01
Real-Time: 10.101
CPU: 100%
Cycles-Per-Sec: 1843794
Empty-Cycles-Per-Sec: 23329004
Loop-Overhead: 7.9%
Adjusted-Used-Time: 9.28333332704645
Bench-Points: 107.72
