Date: 2019-06-14 09:58:17
Test: /usr/local/lib/perl5/site_perl/5.30.0/PerlBench/benchmarks/arith/mixed.t
Perl: /usr/local/bin/perl5.14.4-nt@g 5.014004
Cycles: 23223540
User-Time: 14.2
System-Time: 0
Real-Time: 14.197
CPU: 100%
Cycles-Per-Sec: 1635461
Empty-Cycles-Per-Sec: 28115666
Loop-Overhead: 5.8%
Adjusted-Used-Time: 13.3740000041258
Bench-Points: 74.772
