Date: 2016-11-01 19:09:54
Test: ./benchmarks/arith/mixed.t
Perl: /usr/local/bin/perl5.16.3-nt 5.016003
Cycles: 18585440
User-Time: 10.03
System-Time: 0.02
Real-Time: 10.074
CPU: 100%
Cycles-Per-Sec: 1849298
Empty-Cycles-Per-Sec: 22757682
Loop-Overhead: 8.1%
Adjusted-Used-Time: 9.23333334651569
Bench-Points: 108.3
