Date: 2016-11-01 19:10:04
Test: ./benchmarks/arith/mixed.t
Perl: /usr/local/bin/perl5.18.4-nt 5.018004
Cycles: 18585440
User-Time: 9.42
System-Time: 0.01
Real-Time: 9.452
CPU: 100%
Cycles-Per-Sec: 1970884
Empty-Cycles-Per-Sec: 24627350
Loop-Overhead: 8.0%
Adjusted-Used-Time: 8.67533333874737
Bench-Points: 115.27
