Date: 2019-06-14 09:58:31
Test: /usr/local/lib/perl5/site_perl/5.30.0/PerlBench/benchmarks/arith/mixed.t
Perl: /usr/local/bin/perl5.18.4-nt 5.018004
Cycles: 23223540
User-Time: 15.31
System-Time: 0
Real-Time: 15.321
CPU: 100%
Cycles-Per-Sec: 1516887
Empty-Cycles-Per-Sec: 30108306
Loop-Overhead: 5.0%
Adjusted-Used-Time: 14.5386666675966
Bench-Points: 68.782
