Date: 2016-11-01 19:10:14
Test: ./benchmarks/arith/mixed.t
Perl: /usr/local/bin/perl5.20.3-nt 5.020003
Cycles: 18585440
User-Time: 9.46
System-Time: 0.02
Real-Time: 9.497
CPU: 100%
Cycles-Per-Sec: 1960489
Empty-Cycles-Per-Sec: 22832236
Loop-Overhead: 8.6%
Adjusted-Used-Time: 8.66600000455496
Bench-Points: 115.39
