Date: 2019-06-14 09:58:46
Test: /usr/local/lib/perl5/site_perl/5.30.0/PerlBench/benchmarks/arith/mixed.t
Perl: /usr/local/bin/perl5.22.4-nt 5.022004
Cycles: 23223540
User-Time: 16.4
System-Time: 0
Real-Time: 16.399
CPU: 100%
Cycles-Per-Sec: 1416070
Empty-Cycles-Per-Sec: 29496452
Loop-Overhead: 4.8%
Adjusted-Used-Time: 15.6126666624176
Bench-Points: 64.051
