Date: 2018-09-08 19:39:02
Test: /usr/local/lib/perl5/site_perl/5.26.1/PerlBench/benchmarks/arith/mixed.t
Perl: /usr/local/bin/perl5.22.3-nt 5.022003
Cycles: 21981700
User-Time: 16.9
System-Time: 0
Real-Time: 16.901
CPU: 100%
Cycles-Per-Sec: 1300692
Empty-Cycles-Per-Sec: 20166697
Loop-Overhead: 6.4%
Adjusted-Used-Time: 15.8099999866116
Bench-Points: 63.251
