Date: 2018-09-08 19:39:19
Test: /usr/local/lib/perl5/site_perl/5.26.1/PerlBench/benchmarks/arith/mixed.t
Perl: /usr/local/bin/cperl5.22.5-nt 5.022005
Cycles: 21981700
User-Time: 13.68
System-Time: 0
Real-Time: 13.680
CPU: 100%
Cycles-Per-Sec: 1606849
Empty-Cycles-Per-Sec: 29439777
Loop-Overhead: 5.5%
Adjusted-Used-Time: 12.9333333387682
Bench-Points: 77.32
