Date: 2016-11-01 19:10:23
Test: ./benchmarks/arith/mixed.t
Perl: /usr/local/bin/cperl5.22.2-nt 5.022002
Cycles: 18585440
User-Time: 8.49
System-Time: 0.02
Real-Time: 8.530
CPU: 100%
Cycles-Per-Sec: 2183953
Empty-Cycles-Per-Sec: 25861002
Loop-Overhead: 8.4%
Adjusted-Used-Time: 7.79133333735483
Bench-Points: 128.35
