Date: 2019-06-14 09:59:03
Test: /usr/local/lib/perl5/site_perl/5.30.0/PerlBench/benchmarks/arith/mixed.t
Perl: /usr/local/bin/cperl5.22.5-nt 5.022005
Cycles: 23223540
User-Time: 14.55
System-Time: 0
Real-Time: 14.569
CPU: 100%
Cycles-Per-Sec: 1596120
Empty-Cycles-Per-Sec: 32284810
Loop-Overhead: 4.9%
Adjusted-Used-Time: 13.8306666664602
Bench-Points: 72.303
