Date: 2018-09-08 19:39:33
Test: /usr/local/lib/perl5/site_perl/5.26.1/PerlBench/benchmarks/arith/mixed.t
Perl: /usr/local/bin/perl5.24.3-nt 5.024003
Cycles: 21981700
User-Time: 13.39
System-Time: 0
Real-Time: 13.391
CPU: 100%
Cycles-Per-Sec: 1641650
Empty-Cycles-Per-Sec: 22339126
Loop-Overhead: 7.3%
Adjusted-Used-Time: 12.4059999992838
Bench-Points: 80.606
