Date: 2016-11-01 19:10:51
Test: ./benchmarks/arith/mixed.t
Perl: /usr/local/bin/perl5.24.0-nt 5.024000
Cycles: 18585440
User-Time: 8.28
System-Time: 0.01
Real-Time: 8.309
CPU: 100%
Cycles-Per-Sec: 2241911
Empty-Cycles-Per-Sec: 25413090
Loop-Overhead: 8.8%
Adjusted-Used-Time: 7.5586666595837
Bench-Points: 132.3
