Date: 2016-11-01 19:10:42
Test: ./benchmarks/arith/mixed.t
Perl: /usr/local/bin/cperl5.24.0-nt 5.024000
Cycles: 18585440
User-Time: 8.81
System-Time: 0.01
Real-Time: 8.833
CPU: 100%
Cycles-Per-Sec: 2107193
Empty-Cycles-Per-Sec: 26250621
Loop-Overhead: 8.0%
Adjusted-Used-Time: 8.11199998735268
Bench-Points: 123.27
