Date: 2018-09-08 19:39:46
Test: /usr/local/lib/perl5/site_perl/5.26.1/PerlBench/benchmarks/arith/mixed.t
Perl: /usr/local/bin/cperl5.24.3-nt 5.024003
Cycles: 21981700
User-Time: 13.26
System-Time: 0
Real-Time: 13.263
CPU: 100%
Cycles-Per-Sec: 1657745
Empty-Cycles-Per-Sec: 29785501
Loop-Overhead: 5.6%
Adjusted-Used-Time: 12.5219999912038
Bench-Points: 79.859
