Date: 2019-06-14 09:59:30
Test: /usr/local/lib/perl5/site_perl/5.30.0/PerlBench/benchmarks/arith/mixed.t
Perl: /usr/local/bin/cperl5.24.4-nt 5.024004
Cycles: 23223540
User-Time: 13.59
System-Time: 0
Real-Time: 13.606
CPU: 100%
Cycles-Per-Sec: 1708870
Empty-Cycles-Per-Sec: 32435112
Loop-Overhead: 5.3%
Adjusted-Used-Time: 12.8740000059195
Bench-Points: 77.676
