Date: 2016-11-01 19:11:08
Test: ./benchmarks/arith/mixed.t
Perl: /usr/local/bin/perl5.25.3-nt 5.025003
Cycles: 18585440
User-Time: 8.52
System-Time: 0.01
Real-Time: 8.543
CPU: 100%
Cycles-Per-Sec: 2178832
Empty-Cycles-Per-Sec: 25765397
Loop-Overhead: 8.5%
Adjusted-Used-Time: 7.80866665512664
Bench-Points: 128.06
