Date: 2016-11-01 19:10:59
Test: ./benchmarks/arith/mixed.t
Perl: /usr/local/bin/cperl5.25.2-nt 5.025002
Cycles: 18585440
User-Time: 8.87
System-Time: 0.01
Real-Time: 8.892
CPU: 100%
Cycles-Per-Sec: 2092955
Empty-Cycles-Per-Sec: 25413090
Loop-Overhead: 8.2%
Adjusted-Used-Time: 8.1486666595837
Bench-Points: 122.72
