Date: 2019-06-14 09:59:44
Test: /usr/local/lib/perl5/site_perl/5.30.0/PerlBench/benchmarks/arith/mixed.t
Perl: /usr/local/bin/perl5.26.3-nt 5.026003
Cycles: 23223540
User-Time: 12.07
System-Time: 0
Real-Time: 12.072
CPU: 100%
Cycles-Per-Sec: 1924071
Empty-Cycles-Per-Sec: 32254917
Loop-Overhead: 6.0%
Adjusted-Used-Time: 11.3500000074407
Bench-Points: 88.106
