Date: 2018-09-08 19:39:59
Test: /usr/local/lib/perl5/site_perl/5.26.1/PerlBench/benchmarks/arith/mixed.t
Perl: /usr/local/bin/perl5.26.2-nt 5.026002
Cycles: 21981700
User-Time: 13.08
System-Time: 0
Real-Time: 13.075
CPU: 100%
Cycles-Per-Sec: 1680558
Empty-Cycles-Per-Sec: 32710863
Loop-Overhead: 5.1%
Adjusted-Used-Time: 12.4079999980435
Bench-Points: 80.593
