Date: 2018-09-08 19:40:12
Test: /usr/local/lib/perl5/site_perl/5.26.1/PerlBench/benchmarks/arith/mixed.t
Perl: /usr/local/bin/cperl5.26.2-nt 5.026002
Cycles: 21981700
User-Time: 13.3
System-Time: 0
Real-Time: 13.315
CPU: 100%
Cycles-Per-Sec: 1652759
Empty-Cycles-Per-Sec: 27340423
Loop-Overhead: 6.0%
Adjusted-Used-Time: 12.496000003365
Bench-Points: 80.026
