Date: 2019-06-14 10:00:21
Test: /usr/local/lib/perl5/site_perl/5.30.0/PerlBench/benchmarks/arith/mixed.t
Perl: /usr/local/bin/cperl5.28.2-nt 5.028002
Cycles: 23223540
User-Time: 14.03
System-Time: 0
Real-Time: 14.039
CPU: 100%
Cycles-Per-Sec: 1655277
Empty-Cycles-Per-Sec: 22738453
Loop-Overhead: 7.3%
Adjusted-Used-Time: 13.0086666665494
Bench-Points: 76.872
