Date: 2019-06-14 10:00:09
Test: /usr/local/lib/perl5/site_perl/5.30.0/PerlBench/benchmarks/arith/mixed.t
Perl: /usr/local/bin/perl5.28.2-nt 5.028002
Cycles: 23223540
User-Time: 12.18
System-Time: 0
Real-Time: 12.196
CPU: 100%
Cycles-Per-Sec: 1906695
Empty-Cycles-Per-Sec: 22358992
Loop-Overhead: 8.5%
Adjusted-Used-Time: 11.1413333194985
Bench-Points: 89.756
