Date: 2018-09-08 19:40:26
Test: /usr/local/lib/perl5/site_perl/5.26.1/PerlBench/benchmarks/arith/mixed.t
Perl: /usr/local/bin/perl5.28.0-nt 5.028000
Cycles: 21981700
User-Time: 13.38
System-Time: 0
Real-Time: 13.375
CPU: 100%
Cycles-Per-Sec: 1642877
Empty-Cycles-Per-Sec: 29179248
Loop-Overhead: 5.6%
Adjusted-Used-Time: 12.62666667215
Bench-Points: 79.197
