Date: 2018-09-08 19:40:39
Test: /usr/local/lib/perl5/site_perl/5.26.1/PerlBench/benchmarks/arith/mixed.t
Perl: /usr/local/bin/cperl5.28.0-nt 5.028000
Cycles: 21981700
User-Time: 11.13
System-Time: 0
Real-Time: 11.128
CPU: 100%
Cycles-Per-Sec: 1974996
Empty-Cycles-Per-Sec: 23302155
Loop-Overhead: 8.5%
Adjusted-Used-Time: 10.1866666473551
Bench-Points: 98.168
