Date: 2019-06-14 10:00:47
Test: /usr/local/lib/perl5/site_perl/5.30.0/PerlBench/benchmarks/arith/mixed.t
Perl: /usr/local/bin/cperl5.30.0-nt 5.030000
Cycles: 23223540
User-Time: 13.14
System-Time: 0
Real-Time: 13.161
CPU: 100%
Cycles-Per-Sec: 1767393
Empty-Cycles-Per-Sec: 33463314
Loop-Overhead: 5.3%
Adjusted-Used-Time: 12.4459999974898
Bench-Points: 80.347
