Date: 2019-06-14 09:57:48
Test: /usr/local/lib/perl5/site_perl/5.30.0/PerlBench/benchmarks/arith/mixed.t
Perl: /usr/local/bin/perl5.6.2-nt 5.006002
Cycles: 23223540
User-Time: 13.65
System-Time: 0
Real-Time: 14
CPU: 98%
Cycles-Per-Sec: 1701358
Empty-Cycles-Per-Sec: 19256667
Loop-Overhead: 8.8%
Adjusted-Used-Time: 12.4440000208759
Bench-Points: 80.36
