Date: 2019-06-14 09:58:02
Test: /usr/local/lib/perl5/site_perl/5.30.0/PerlBench/benchmarks/arith/mixed.t
Perl: /usr/local/bin/perl5.8.9-nt 5.008009
Cycles: 23223540
User-Time: 14.85
System-Time: 0
Real-Time: 14.867
CPU: 100%
Cycles-Per-Sec: 1563875
Empty-Cycles-Per-Sec: 20527584
Loop-Overhead: 7.6%
Adjusted-Used-Time: 13.7186666682255
Bench-Points: 72.893
