Date: 2016-11-01 19:09:12
Test: ./benchmarks/arith/mixed.t
Perl: /usr/local/bin/perl5.8.8-nt 5.008008
Cycles: 18585440
User-Time: 9.89
System-Time: 0.01
Real-Time: 9.920
CPU: 100%
Cycles-Per-Sec: 1877317
Empty-Cycles-Per-Sec: 23135402
Loop-Overhead: 8.1%
Adjusted-Used-Time: 9.09666664966531
Bench-Points: 109.93
