Date: 2016-11-01 19:16:01
Test: ./benchmarks/array/foreach.t
Perl: /usr/local/bin/perl5.10.1-nt 5.010001
Cycles: 41817240
User-Time: 25.16
System-Time: 0.04
Real-Time: 25.227
CPU: 100%
Cycles-Per-Sec: 1659414
Empty-Cycles-Per-Sec: 22555146
Loop-Overhead: 7.4%
Adjusted-Used-Time: 23.3460000303257
Bench-Points: 42.834
