Date: 2016-11-01 19:16:26
Test: ./benchmarks/array/foreach.t
Perl: /usr/local/bin/perl5.12.5-nt 5.012005
Cycles: 41817240
User-Time: 16.84
System-Time: 0.02
Real-Time: 16.881
CPU: 100%
Cycles-Per-Sec: 2480263
Empty-Cycles-Per-Sec: 21297296
Loop-Overhead: 11.6%
Adjusted-Used-Time: 14.8965000326802
Bench-Points: 67.13
