Date: 2016-11-01 19:16:43
Test: ./benchmarks/array/foreach.t
Perl: /usr/local/bin/perl5.14.4-nt 5.014004
Cycles: 41817240
User-Time: 15.36
System-Time: 0.03
Real-Time: 15.499
CPU: 99%
Cycles-Per-Sec: 2717170
Empty-Cycles-Per-Sec: 23329004
Loop-Overhead: 11.6%
Adjusted-Used-Time: 13.5974999858545
Bench-Points: 73.543
