Date: 2019-06-14 10:07:49
Test: /usr/local/lib/perl5/site_perl/5.30.0/PerlBench/benchmarks/array/foreach.t
Perl: /usr/local/bin/perl5.14.4-nt@g 5.014004
Cycles: 52252965
User-Time: 21.83
System-Time: 0
Real-Time: 21.824
CPU: 100%
Cycles-Per-Sec: 2393631
Empty-Cycles-Per-Sec: 28115666
Loop-Overhead: 8.5%
Adjusted-Used-Time: 19.9715000092831
Bench-Points: 50.071
