Date: 2018-09-08 19:44:40
Test: /usr/local/lib/perl5/site_perl/5.26.1/PerlBench/benchmarks/array/foreach.t
Perl: /usr/local/bin/perl5.14.4-nt 5.014004
Cycles: 49458825
User-Time: 27.13
System-Time: 0
Real-Time: 27.134
CPU: 100%
Cycles-Per-Sec: 1823031
Empty-Cycles-Per-Sec: 16511042
Loop-Overhead: 11.0%
Adjusted-Used-Time: 24.1345000794014
Bench-Points: 41.434
