Date: 2016-11-01 19:16:58
Test: ./benchmarks/array/foreach.t
Perl: /usr/local/bin/perl5.16.3-nt 5.016003
Cycles: 41817240
User-Time: 15.21
System-Time: 0.01
Real-Time: 15.233
CPU: 100%
Cycles-Per-Sec: 2747519
Empty-Cycles-Per-Sec: 22757682
Loop-Overhead: 12.1%
Adjusted-Used-Time: 13.3825000296603
Bench-Points: 74.724
