Date: 2019-06-14 10:08:11
Test: /usr/local/lib/perl5/site_perl/5.30.0/PerlBench/benchmarks/array/foreach.t
Perl: /usr/local/bin/perl5.18.4-nt 5.018004
Cycles: 52252965
User-Time: 22.01
System-Time: 0
Real-Time: 22.006
CPU: 100%
Cycles-Per-Sec: 2374056
Empty-Cycles-Per-Sec: 30108306
Loop-Overhead: 7.9%
Adjusted-Used-Time: 20.2745000020924
Bench-Points: 49.323
