Date: 2016-11-01 19:17:14
Test: ./benchmarks/array/foreach.t
Perl: /usr/local/bin/perl5.18.4-nt 5.018004
Cycles: 41817240
User-Time: 13.83
System-Time: 0.01
Real-Time: 13.854
CPU: 100%
Cycles-Per-Sec: 3021477
Empty-Cycles-Per-Sec: 24627350
Loop-Overhead: 12.3%
Adjusted-Used-Time: 12.1420000121816
Bench-Points: 82.359
