Date: 2016-11-01 19:17:27
Test: ./benchmarks/array/foreach.t
Perl: /usr/local/bin/perl5.20.3-nt 5.020003
Cycles: 41817240
User-Time: 14.03
System-Time: 0.01
Real-Time: 14.049
CPU: 100%
Cycles-Per-Sec: 2978436
Empty-Cycles-Per-Sec: 22832236
Loop-Overhead: 13.0%
Adjusted-Used-Time: 12.2085000102487
Bench-Points: 81.91
