Date: 2018-09-08 19:45:07
Test: /usr/local/lib/perl5/site_perl/5.26.1/PerlBench/benchmarks/array/foreach.t
Perl: /usr/local/bin/perl5.22.3-nt 5.022003
Cycles: 49458825
User-Time: 24.15
System-Time: 0
Real-Time: 24.149
CPU: 100%
Cycles-Per-Sec: 2047984
Empty-Cycles-Per-Sec: 20166697
Loop-Overhead: 10.2%
Adjusted-Used-Time: 21.6974999698761
Bench-Points: 46.088
