Date: 2019-06-14 10:08:33
Test: /usr/local/lib/perl5/site_perl/5.30.0/PerlBench/benchmarks/array/foreach.t
Perl: /usr/local/bin/perl5.22.4-nt 5.022004
Cycles: 52252965
User-Time: 22.37
System-Time: 0
Real-Time: 22.369
CPU: 100%
Cycles-Per-Sec: 2335850
Empty-Cycles-Per-Sec: 29496452
Loop-Overhead: 7.9%
Adjusted-Used-Time: 20.5984999904395
Bench-Points: 48.547
