Date: 2018-09-08 19:45:31
Test: /usr/local/lib/perl5/site_perl/5.26.1/PerlBench/benchmarks/array/foreach.t
Perl: /usr/local/bin/cperl5.22.5-nt 5.022005
Cycles: 49458825
User-Time: 20.08
System-Time: 0
Real-Time: 20.080
CPU: 100%
Cycles-Per-Sec: 2463089
Empty-Cycles-Per-Sec: 29439777
Loop-Overhead: 8.4%
Adjusted-Used-Time: 18.4000000122284
Bench-Points: 54.348
