Date: 2016-11-01 19:17:42
Test: ./benchmarks/array/foreach.t
Perl: /usr/local/bin/cperl5.22.2-nt 5.022002
Cycles: 41817240
User-Time: 13.34
System-Time: 0.01
Real-Time: 13.354
CPU: 100%
Cycles-Per-Sec: 3132378
Empty-Cycles-Per-Sec: 25861002
Loop-Overhead: 12.1%
Adjusted-Used-Time: 11.7330000090484
Bench-Points: 85.23
