Date: 2019-06-14 10:08:55
Test: /usr/local/lib/perl5/site_perl/5.30.0/PerlBench/benchmarks/array/foreach.t
Perl: /usr/local/bin/cperl5.22.5-nt 5.022005
Cycles: 52252965
User-Time: 20.03
System-Time: 0
Real-Time: 20.030
CPU: 100%
Cycles-Per-Sec: 2608735
Empty-Cycles-Per-Sec: 32284810
Loop-Overhead: 8.1%
Adjusted-Used-Time: 18.4114999995354
Bench-Points: 54.314
