Date: 2019-06-14 10:09:30
Test: /usr/local/lib/perl5/site_perl/5.30.0/PerlBench/benchmarks/array/foreach.t
Perl: /usr/local/bin/cperl5.24.4-nt 5.024004
Cycles: 52252965
User-Time: 14.87
System-Time: 0
Real-Time: 14.870
CPU: 100%
Cycles-Per-Sec: 3513986
Empty-Cycles-Per-Sec: 32435112
Loop-Overhead: 10.8%
Adjusted-Used-Time: 13.2590000133189
Bench-Points: 75.42
