Date: 2016-11-01 19:18:18
Test: ./benchmarks/array/foreach.t
Perl: /usr/local/bin/perl5.24.0-nt 5.024000
Cycles: 41817240
User-Time: 9.34
System-Time: 0
Real-Time: 9.345
CPU: 100%
Cycles-Per-Sec: 4477221
Empty-Cycles-Per-Sec: 25413090
Loop-Overhead: 17.6%
Adjusted-Used-Time: 7.69449998406333
Bench-Points: 129.96
