Date: 2016-11-01 19:18:09
Test: ./benchmarks/array/foreach.t
Perl: /usr/local/bin/cperl5.24.0-nt 5.024000
Cycles: 41817240
User-Time: 9.39
System-Time: 0
Real-Time: 9.402
CPU: 100%
Cycles-Per-Sec: 4453380
Empty-Cycles-Per-Sec: 26250621
Loop-Overhead: 17.0%
Adjusted-Used-Time: 7.79699997154353
Bench-Points: 128.25
