Date: 2019-06-14 10:09:15
Test: /usr/local/lib/perl5/site_perl/5.30.0/PerlBench/benchmarks/array/foreach.t
Perl: /usr/local/bin/perl5.24.4-nt 5.024004
Cycles: 52252965
User-Time: 14.69
System-Time: 0
Real-Time: 14.686
CPU: 100%
Cycles-Per-Sec: 3557043
Empty-Cycles-Per-Sec: 22768176
Loop-Overhead: 15.6%
Adjusted-Used-Time: 12.3949999525654
Bench-Points: 80.678
