Date: 2018-09-08 19:45:51
Test: /usr/local/lib/perl5/site_perl/5.26.1/PerlBench/benchmarks/array/foreach.t
Perl: /usr/local/bin/perl5.24.3-nt 5.024003
Cycles: 49458825
User-Time: 13.85
System-Time: 0
Real-Time: 13.877
CPU: 100%
Cycles-Per-Sec: 3571034
Empty-Cycles-Per-Sec: 22339126
Loop-Overhead: 16.0%
Adjusted-Used-Time: 11.6359999983885
Bench-Points: 85.94
