Date: 2018-09-08 19:46:05
Test: /usr/local/lib/perl5/site_perl/5.26.1/PerlBench/benchmarks/array/foreach.t
Perl: /usr/local/bin/cperl5.24.3-nt 5.024003
Cycles: 49458825
User-Time: 14.71
System-Time: 0
Real-Time: 14.731
CPU: 100%
Cycles-Per-Sec: 3362259
Empty-Cycles-Per-Sec: 29785501
Loop-Overhead: 11.3%
Adjusted-Used-Time: 13.0494999802085
Bench-Points: 76.631
