Date: 2016-11-01 19:18:37
Test: ./benchmarks/array/foreach.t
Perl: /usr/local/bin/perl5.25.3-nt 5.025003
Cycles: 41817240
User-Time: 9.26
System-Time: 0
Real-Time: 9.265
CPU: 100%
Cycles-Per-Sec: 4515901
Empty-Cycles-Per-Sec: 25765397
Loop-Overhead: 17.5%
Adjusted-Used-Time: 7.63699997403494
Bench-Points: 130.94
