Date: 2016-11-01 19:18:28
Test: ./benchmarks/array/foreach.t
Perl: /usr/local/bin/cperl5.25.2-nt 5.025002
Cycles: 41817240
User-Time: 9.33
System-Time: 0
Real-Time: 9.345
CPU: 100%
Cycles-Per-Sec: 4482019
Empty-Cycles-Per-Sec: 25413090
Loop-Overhead: 17.6%
Adjusted-Used-Time: 7.68449998406333
Bench-Points: 130.13
