Date: 2019-06-14 10:09:45
Test: /usr/local/lib/perl5/site_perl/5.30.0/PerlBench/benchmarks/array/foreach.t
Perl: /usr/local/bin/perl5.26.3-nt 5.026003
Cycles: 52252965
User-Time: 16.1
System-Time: 0
Real-Time: 16.098
CPU: 100%
Cycles-Per-Sec: 3245526
Empty-Cycles-Per-Sec: 32254917
Loop-Overhead: 10.1%
Adjusted-Used-Time: 14.4800000167416
Bench-Points: 69.061
