Date: 2018-09-08 19:46:35
Test: /usr/local/lib/perl5/site_perl/5.26.1/PerlBench/benchmarks/array/foreach.t
Perl: /usr/local/bin/cperl5.26.2-nt 5.026002
Cycles: 49458825
User-Time: 14.07
System-Time: 0
Real-Time: 14.091
CPU: 100%
Cycles-Per-Sec: 3515197
Empty-Cycles-Per-Sec: 27340423
Loop-Overhead: 12.9%
Adjusted-Used-Time: 12.2610000075712
Bench-Points: 81.559
