Date: 2018-09-08 19:46:20
Test: /usr/local/lib/perl5/site_perl/5.26.1/PerlBench/benchmarks/array/foreach.t
Perl: /usr/local/bin/perl5.26.2-nt 5.026002
Cycles: 49458825
User-Time: 14.77
System-Time: 0
Real-Time: 14.766
CPU: 100%
Cycles-Per-Sec: 3348600
Empty-Cycles-Per-Sec: 32710863
Loop-Overhead: 10.2%
Adjusted-Used-Time: 13.2579999955978
Bench-Points: 75.426
