Date: 2019-06-14 10:10:01
Test: /usr/local/lib/perl5/site_perl/5.30.0/PerlBench/benchmarks/array/foreach.t
Perl: /usr/local/bin/cperl5.26.5-nt 5.026005
Cycles: 52252965
User-Time: 16.28
System-Time: 0
Real-Time: 16.280
CPU: 100%
Cycles-Per-Sec: 3209642
Empty-Cycles-Per-Sec: 22005881
Loop-Overhead: 14.6%
Adjusted-Used-Time: 13.9054999743023
Bench-Points: 71.914
