Date: 2018-09-08 19:46:49
Test: /usr/local/lib/perl5/site_perl/5.26.1/PerlBench/benchmarks/array/foreach.t
Perl: /usr/local/bin/perl5.28.0-nt 5.028000
Cycles: 49458825
User-Time: 13.28
System-Time: 0
Real-Time: 13.277
CPU: 100%
Cycles-Per-Sec: 3724309
Empty-Cycles-Per-Sec: 29179248
Loop-Overhead: 12.8%
Adjusted-Used-Time: 11.5850000123375
Bench-Points: 86.319
