Date: 2018-09-08 19:47:02
Test: /usr/local/lib/perl5/site_perl/5.26.1/PerlBench/benchmarks/array/foreach.t
Perl: /usr/local/bin/cperl5.28.0-nt 5.028000
Cycles: 49458825
User-Time: 15.22
System-Time: 0
Real-Time: 15.223
CPU: 100%
Cycles-Per-Sec: 3249594
Empty-Cycles-Per-Sec: 23302155
Loop-Overhead: 13.9%
Adjusted-Used-Time: 13.0974999565491
Bench-Points: 76.35
