Date: 2019-06-14 10:10:17
Test: /usr/local/lib/perl5/site_perl/5.30.0/PerlBench/benchmarks/array/foreach.t
Perl: /usr/local/bin/perl5.28.2-nt 5.028002
Cycles: 52252965
User-Time: 17.34
System-Time: 0
Real-Time: 17.341
CPU: 100%
Cycles-Per-Sec: 3013435
Empty-Cycles-Per-Sec: 22358992
Loop-Overhead: 13.5%
Adjusted-Used-Time: 15.0029999688716
Bench-Points: 66.653
