Date: 2019-06-14 10:10:35
Test: /usr/local/lib/perl5/site_perl/5.30.0/PerlBench/benchmarks/array/foreach.t
Perl: /usr/local/bin/cperl5.28.2-nt 5.028002
Cycles: 52252965
User-Time: 16.05
System-Time: 0
Real-Time: 16.049
CPU: 100%
Cycles-Per-Sec: 3255636
Empty-Cycles-Per-Sec: 22738453
Loop-Overhead: 14.3%
Adjusted-Used-Time: 13.7519999997361
Bench-Points: 72.717
