Date: 2019-06-14 10:11:06
Test: /usr/local/lib/perl5/site_perl/5.30.0/PerlBench/benchmarks/array/foreach.t
Perl: /usr/local/bin/cperl5.30.0-nt 5.030000
Cycles: 52252965
User-Time: 15.66
System-Time: 0
Real-Time: 15.669
CPU: 100%
Cycles-Per-Sec: 3336716
Empty-Cycles-Per-Sec: 33463314
Loop-Overhead: 10.0%
Adjusted-Used-Time: 14.098499994352
Bench-Points: 70.93
