Date: 2019-06-14 10:10:51
Test: /usr/local/lib/perl5/site_perl/5.30.0/PerlBench/benchmarks/array/foreach.t
Perl: /usr/local/bin/perl5.30.0-nt 5.030000
Cycles: 52252965
User-Time: 15.12
System-Time: 0
Real-Time: 15.114
CPU: 100%
Cycles-Per-Sec: 3455884
Empty-Cycles-Per-Sec: 31900467
Loop-Overhead: 10.8%
Adjusted-Used-Time: 13.4819999983072
Bench-Points: 74.173
