Date: 2019-06-14 10:06:55
Test: /usr/local/lib/perl5/site_perl/5.30.0/PerlBench/benchmarks/array/foreach.t
Perl: /usr/local/bin/perl5.6.2-nt 5.006002
Cycles: 52252965
User-Time: 27.73
System-Time: 0
Real-Time: 28
CPU: 99%
Cycles-Per-Sec: 1884348
Empty-Cycles-Per-Sec: 19256667
Loop-Overhead: 9.8%
Adjusted-Used-Time: 25.0165000469707
Bench-Points: 39.974
