Date: 2019-06-14 10:07:23
Test: /usr/local/lib/perl5/site_perl/5.30.0/PerlBench/benchmarks/array/foreach.t
Perl: /usr/local/bin/perl5.8.9-nt 5.008009
Cycles: 52252965
User-Time: 26.54
System-Time: 0
Real-Time: 26.543
CPU: 100%
Cycles-Per-Sec: 1968838
Empty-Cycles-Per-Sec: 20527584
Loop-Overhead: 9.6%
Adjusted-Used-Time: 23.9945000035075
Bench-Points: 41.676
