Date: 2016-11-01 19:15:39
Test: ./benchmarks/array/foreach.t
Perl: /usr/local/bin/perl5.8.8-nt 5.008008
Cycles: 41817240
User-Time: 21.7
System-Time: 0.03
Real-Time: 21.767
CPU: 100%
Cycles-Per-Sec: 1924401
Empty-Cycles-Per-Sec: 23135402
Loop-Overhead: 8.3%
Adjusted-Used-Time: 19.9224999617469
Bench-Points: 50.195
