Date: 2016-11-01 23:53:14
Test: ./benchmarks/string/index-var.t
Perl: /usr/local/bin/perl5.10.1-nt 5.010001
Cycles: 13939080
User-Time: 9.06
System-Time: 0
Real-Time: 9.069
CPU: 100%
Cycles-Per-Sec: 1538530
Empty-Cycles-Per-Sec: 22555146
Loop-Overhead: 6.8%
Adjusted-Used-Time: 8.44200001010856
Bench-Points: 118.46
