Date: 2016-11-01 23:53:23
Test: ./benchmarks/string/index-var.t
Perl: /usr/local/bin/perl5.12.5-nt 5.012005
Cycles: 13939080
User-Time: 9.32
System-Time: 0.01
Real-Time: 9.345
CPU: 100%
Cycles-Per-Sec: 1494006
Empty-Cycles-Per-Sec: 21297296
Loop-Overhead: 7.0%
Adjusted-Used-Time: 8.6755000108934
Bench-Points: 115.27
