Date: 2016-11-01 23:53:33
Test: ./benchmarks/string/index-var.t
Perl: /usr/local/bin/perl5.14.4-nt 5.014004
Cycles: 13939080
User-Time: 9.39
System-Time: 0.02
Real-Time: 9.475
CPU: 99%
Cycles-Per-Sec: 1481305
Empty-Cycles-Per-Sec: 23329004
Loop-Overhead: 6.3%
Adjusted-Used-Time: 8.81249999528484
Bench-Points: 113.48
