Date: 2019-06-14 11:45:20
Test: /usr/local/lib/perl5/site_perl/5.30.0/PerlBench/benchmarks/string/index-var.t
Perl: /usr/local/bin/perl5.14.4-nt@g 5.014004
Cycles: 17417655
User-Time: 15.56
System-Time: 0
Real-Time: 15.553
CPU: 100%
Cycles-Per-Sec: 1119387
Empty-Cycles-Per-Sec: 28115666
Loop-Overhead: 4.0%
Adjusted-Used-Time: 14.9405000030944
Bench-Points: 66.932
