Date: 2018-09-08 20:44:53
Test: /usr/local/lib/perl5/site_perl/5.26.1/PerlBench/benchmarks/string/index-var.t
Perl: /usr/local/bin/perl5.14.4-nt 5.014004
Cycles: 16486275
User-Time: 18.92
System-Time: 0
Real-Time: 18.921
CPU: 100%
Cycles-Per-Sec: 871368
Empty-Cycles-Per-Sec: 16511042
Loop-Overhead: 5.3%
Adjusted-Used-Time: 17.9215000264671
Bench-Points: 55.799
