Date: 2016-11-01 23:53:42
Test: ./benchmarks/string/index-var.t
Perl: /usr/local/bin/perl5.16.3-nt 5.016003
Cycles: 13939080
User-Time: 9.3
System-Time: 0.01
Real-Time: 9.317
CPU: 100%
Cycles-Per-Sec: 1497216
Empty-Cycles-Per-Sec: 22757682
Loop-Overhead: 6.6%
Adjusted-Used-Time: 8.69750000988677
Bench-Points: 114.98
