Date: 2019-06-14 11:45:36
Test: /usr/local/lib/perl5/site_perl/5.30.0/PerlBench/benchmarks/string/index-var.t
Perl: /usr/local/bin/perl5.18.4-nt 5.018004
Cycles: 17417655
User-Time: 14.57
System-Time: 0
Real-Time: 14.568
CPU: 100%
Cycles-Per-Sec: 1195446
Empty-Cycles-Per-Sec: 30108306
Loop-Overhead: 4.0%
Adjusted-Used-Time: 13.9915000006975
Bench-Points: 71.472
