Date: 2016-11-01 23:53:51
Test: ./benchmarks/string/index-var.t
Perl: /usr/local/bin/perl5.18.4-nt 5.018004
Cycles: 13939080
User-Time: 9.15
System-Time: 0.01
Real-Time: 9.172
CPU: 100%
Cycles-Per-Sec: 1521734
Empty-Cycles-Per-Sec: 24627350
Loop-Overhead: 6.2%
Adjusted-Used-Time: 8.59400000406053
Bench-Points: 116.36
