Date: 2016-11-01 23:54:01
Test: ./benchmarks/string/index-var.t
Perl: /usr/local/bin/perl5.20.3-nt 5.020003
Cycles: 13939080
User-Time: 9.5
System-Time: 0
Real-Time: 9.515
CPU: 100%
Cycles-Per-Sec: 1467272
Empty-Cycles-Per-Sec: 22832236
Loop-Overhead: 6.4%
Adjusted-Used-Time: 8.88950000341622
Bench-Points: 112.49
