Date: 2019-06-14 11:46:06
Test: /usr/local/lib/perl5/site_perl/5.30.0/PerlBench/benchmarks/string/index-var.t
Perl: /usr/local/bin/cperl5.22.5-nt 5.022005
Cycles: 17417655
User-Time: 11.31
System-Time: 0
Real-Time: 11.316
CPU: 100%
Cycles-Per-Sec: 1540023
Empty-Cycles-Per-Sec: 32284810
Loop-Overhead: 4.8%
Adjusted-Used-Time: 10.7704999998451
Bench-Points: 92.846
