Date: 2016-11-01 23:54:10
Test: ./benchmarks/string/index-var.t
Perl: /usr/local/bin/cperl5.22.2-nt 5.022002
Cycles: 13939080
User-Time: 6.64
System-Time: 0
Real-Time: 6.658
CPU: 100%
Cycles-Per-Sec: 2099259
Empty-Cycles-Per-Sec: 25861002
Loop-Overhead: 8.1%
Adjusted-Used-Time: 6.10100000301612
Bench-Points: 163.91
