Date: 2018-09-08 20:45:29
Test: /usr/local/lib/perl5/site_perl/5.26.1/PerlBench/benchmarks/string/index-var.t
Perl: /usr/local/bin/cperl5.22.5-nt 5.022005
Cycles: 16486275
User-Time: 11.29
System-Time: 0
Real-Time: 11.287
CPU: 100%
Cycles-Per-Sec: 1460255
Empty-Cycles-Per-Sec: 29439777
Loop-Overhead: 5.0%
Adjusted-Used-Time: 10.7300000040761
Bench-Points: 93.197
