Date: 2019-06-14 11:45:50
Test: /usr/local/lib/perl5/site_perl/5.30.0/PerlBench/benchmarks/string/index-var.t
Perl: /usr/local/bin/perl5.22.4-nt 5.022004
Cycles: 17417655
User-Time: 15.37
System-Time: 0
Real-Time: 15.368
CPU: 100%
Cycles-Per-Sec: 1133224
Empty-Cycles-Per-Sec: 29496452
Loop-Overhead: 3.8%
Adjusted-Used-Time: 14.7794999968132
Bench-Points: 67.661
