Date: 2018-09-08 20:45:11
Test: /usr/local/lib/perl5/site_perl/5.26.1/PerlBench/benchmarks/string/index-var.t
Perl: /usr/local/bin/perl5.22.3-nt 5.022003
Cycles: 16486275
User-Time: 17.9
System-Time: 0
Real-Time: 17.895
CPU: 100%
Cycles-Per-Sec: 921021
Empty-Cycles-Per-Sec: 20166697
Loop-Overhead: 4.6%
Adjusted-Used-Time: 17.0824999899587
Bench-Points: 58.539
