Date: 2018-09-08 20:45:52
Test: /usr/local/lib/perl5/site_perl/5.26.1/PerlBench/benchmarks/string/index-var.t
Perl: /usr/local/bin/cperl5.24.3-nt 5.024003
Cycles: 16486275
User-Time: 10.16
System-Time: 0
Real-Time: 10.160
CPU: 100%
Cycles-Per-Sec: 1622665
Empty-Cycles-Per-Sec: 29785501
Loop-Overhead: 5.4%
Adjusted-Used-Time: 9.60649999340283
Bench-Points: 104.1
