Date: 2019-06-14 11:46:28
Test: /usr/local/lib/perl5/site_perl/5.30.0/PerlBench/benchmarks/string/index-var.t
Perl: /usr/local/bin/cperl5.24.4-nt 5.024004
Cycles: 17417655
User-Time: 11.92
System-Time: 0
Real-Time: 11.917
CPU: 100%
Cycles-Per-Sec: 1461213
Empty-Cycles-Per-Sec: 32435112
Loop-Overhead: 4.5%
Adjusted-Used-Time: 11.3830000044396
Bench-Points: 87.85
