Date: 2016-11-01 23:54:32
Test: ./benchmarks/string/index-var.t
Perl: /usr/local/bin/perl5.24.0-nt 5.024000
Cycles: 13939080
User-Time: 6.71
System-Time: 0
Real-Time: 6.716
CPU: 100%
Cycles-Per-Sec: 2077359
Empty-Cycles-Per-Sec: 25413090
Loop-Overhead: 8.2%
Adjusted-Used-Time: 6.16149999468778
Bench-Points: 162.3
