Date: 2019-06-14 11:46:17
Test: /usr/local/lib/perl5/site_perl/5.30.0/PerlBench/benchmarks/string/index-var.t
Perl: /usr/local/bin/perl5.24.4-nt 5.024004
Cycles: 17417655
User-Time: 10.92
System-Time: 0
Real-Time: 10.927
CPU: 100%
Cycles-Per-Sec: 1595023
Empty-Cycles-Per-Sec: 22768176
Loop-Overhead: 7.0%
Adjusted-Used-Time: 10.1549999841885
Bench-Points: 98.474
