Date: 2018-09-08 20:45:41
Test: /usr/local/lib/perl5/site_perl/5.26.1/PerlBench/benchmarks/string/index-var.t
Perl: /usr/local/bin/perl5.24.3-nt 5.024003
Cycles: 16486275
User-Time: 11
System-Time: 0
Real-Time: 10.995
CPU: 100%
Cycles-Per-Sec: 1498752
Empty-Cycles-Per-Sec: 22339126
Loop-Overhead: 6.7%
Adjusted-Used-Time: 10.2619999994628
Bench-Points: 97.447
