Date: 2016-11-01 23:54:26
Test: ./benchmarks/string/index-var.t
Perl: /usr/local/bin/cperl5.24.0-nt 5.024000
Cycles: 13939080
User-Time: 6.51
System-Time: 0
Real-Time: 6.521
CPU: 100%
Cycles-Per-Sec: 2141180
Empty-Cycles-Per-Sec: 26250621
Loop-Overhead: 8.2%
Adjusted-Used-Time: 5.97899999051451
Bench-Points: 167.25
