Date: 2016-11-01 23:54:39
Test: ./benchmarks/string/index-var.t
Perl: /usr/local/bin/cperl5.25.2-nt 5.025002
Cycles: 13939080
User-Time: 6.7
System-Time: 0
Real-Time: 6.712
CPU: 100%
Cycles-Per-Sec: 2080460
Empty-Cycles-Per-Sec: 25413090
Loop-Overhead: 8.2%
Adjusted-Used-Time: 6.15149999468778
Bench-Points: 162.56
