Date: 2016-11-01 23:54:46
Test: ./benchmarks/string/index-var.t
Perl: /usr/local/bin/perl5.25.3-nt 5.025003
Cycles: 13939080
User-Time: 8.24
System-Time: 0.01
Real-Time: 8.259
CPU: 100%
Cycles-Per-Sec: 1689585
Empty-Cycles-Per-Sec: 25765397
Loop-Overhead: 6.6%
Adjusted-Used-Time: 7.70899999134498
Bench-Points: 129.72
