Date: 2019-06-14 11:46:40
Test: /usr/local/lib/perl5/site_perl/5.30.0/PerlBench/benchmarks/string/index-var.t
Perl: /usr/local/bin/perl5.26.3-nt 5.026003
Cycles: 17417655
User-Time: 5.98
System-Time: 0
Real-Time: 5.983
CPU: 100%
Cycles-Per-Sec: 2912651
Empty-Cycles-Per-Sec: 32254917
Loop-Overhead: 9.0%
Adjusted-Used-Time: 5.44000000558055
Bench-Points: 183.82
