Date: 2019-06-14 11:46:46
Test: /usr/local/lib/perl5/site_perl/5.30.0/PerlBench/benchmarks/string/index-var.t
Perl: /usr/local/bin/cperl5.26.5-nt 5.026005
Cycles: 17417655
User-Time: 6.74
System-Time: 0
Real-Time: 6.734
CPU: 100%
Cycles-Per-Sec: 2584222
Empty-Cycles-Per-Sec: 22005881
Loop-Overhead: 11.7%
Adjusted-Used-Time: 5.94849999143411
Bench-Points: 168.11
