Date: 2018-09-08 20:46:02
Test: /usr/local/lib/perl5/site_perl/5.26.1/PerlBench/benchmarks/string/index-var.t
Perl: /usr/local/bin/perl5.26.2-nt 5.026002
Cycles: 16486275
User-Time: 6.51
System-Time: 0
Real-Time: 6.504
CPU: 100%
Cycles-Per-Sec: 2532454
Empty-Cycles-Per-Sec: 32710863
Loop-Overhead: 7.7%
Adjusted-Used-Time: 6.0059999985326
Bench-Points: 166.5
