Date: 2018-09-08 20:46:08
Test: /usr/local/lib/perl5/site_perl/5.26.1/PerlBench/benchmarks/string/index-var.t
Perl: /usr/local/bin/cperl5.26.2-nt 5.026002
Cycles: 16486275
User-Time: 7.02
System-Time: 0
Real-Time: 7.017
CPU: 100%
Cycles-Per-Sec: 2348472
Empty-Cycles-Per-Sec: 27340423
Loop-Overhead: 8.6%
Adjusted-Used-Time: 6.41700000252374
Bench-Points: 155.84
