Date: 2019-06-14 11:46:53
Test: /usr/local/lib/perl5/site_perl/5.30.0/PerlBench/benchmarks/string/index-var.t
Perl: /usr/local/bin/perl5.28.2-nt 5.028002
Cycles: 17417655
User-Time: 6.22
System-Time: 0
Real-Time: 6.223
CPU: 100%
Cycles-Per-Sec: 2800266
Empty-Cycles-Per-Sec: 22358992
Loop-Overhead: 12.5%
Adjusted-Used-Time: 5.44099998962386
Bench-Points: 183.79
