Date: 2018-09-08 20:46:22
Test: /usr/local/lib/perl5/site_perl/5.26.1/PerlBench/benchmarks/string/index-var.t
Perl: /usr/local/bin/cperl5.28.0-nt 5.028000
Cycles: 16486275
User-Time: 6.88
System-Time: 0
Real-Time: 6.878
CPU: 100%
Cycles-Per-Sec: 2396261
Empty-Cycles-Per-Sec: 23302155
Loop-Overhead: 10.3%
Adjusted-Used-Time: 6.17249998551636
Bench-Points: 162.01
