Date: 2019-06-14 11:46:59
Test: /usr/local/lib/perl5/site_perl/5.30.0/PerlBench/benchmarks/string/index-var.t
Perl: /usr/local/bin/cperl5.28.2-nt 5.028002
Cycles: 17417655
User-Time: 6.86
System-Time: 0
Real-Time: 6.865
CPU: 100%
Cycles-Per-Sec: 2539017
Empty-Cycles-Per-Sec: 22738453
Loop-Overhead: 11.2%
Adjusted-Used-Time: 6.09399999991204
Bench-Points: 164.1
