Date: 2018-09-08 20:46:15
Test: /usr/local/lib/perl5/site_perl/5.26.1/PerlBench/benchmarks/string/index-var.t
Perl: /usr/local/bin/perl5.28.0-nt 5.028000
Cycles: 16486275
User-Time: 7.06
System-Time: 0
Real-Time: 7.060
CPU: 100%
Cycles-Per-Sec: 2335166
Empty-Cycles-Per-Sec: 29179248
Loop-Overhead: 8.0%
Adjusted-Used-Time: 6.49500000411251
Bench-Points: 153.96
