Date: 2019-06-14 11:47:06
Test: /usr/local/lib/perl5/site_perl/5.30.0/PerlBench/benchmarks/string/index-var.t
Perl: /usr/local/bin/perl5.30.0-nt 5.030000
Cycles: 17417655
User-Time: 6.3
System-Time: 0
Real-Time: 6.297
CPU: 100%
Cycles-Per-Sec: 2764707
Empty-Cycles-Per-Sec: 31900467
Loop-Overhead: 8.7%
Adjusted-Used-Time: 5.75399999943575
Bench-Points: 173.79
