Date: 2019-06-14 11:47:12
Test: /usr/local/lib/perl5/site_perl/5.30.0/PerlBench/benchmarks/string/index-var.t
Perl: /usr/local/bin/cperl5.30.0-nt 5.030000
Cycles: 17417655
User-Time: 6.56
System-Time: 0
Real-Time: 6.558
CPU: 100%
Cycles-Per-Sec: 2655130
Empty-Cycles-Per-Sec: 33463314
Loop-Overhead: 7.9%
Adjusted-Used-Time: 6.03949999811734
Bench-Points: 165.58
