Date: 2019-06-14 11:44:46
Test: /usr/local/lib/perl5/site_perl/5.30.0/PerlBench/benchmarks/string/index-var.t
Perl: /usr/local/bin/perl5.6.2-nt 5.006002
Cycles: 17417655
User-Time: 16.47
System-Time: 0
Real-Time: 16
CPU: 103%
Cycles-Per-Sec: 1057538
Empty-Cycles-Per-Sec: 19256667
Loop-Overhead: 5.5%
Adjusted-Used-Time: 15.5655000156569
Bench-Points: 64.245
