Date: 2016-11-01 23:53:05
Test: ./benchmarks/string/index-var.t
Perl: /usr/local/bin/perl5.8.8-nt 5.008008
Cycles: 13939080
User-Time: 9.18
System-Time: 0
Real-Time: 9.189
CPU: 100%
Cycles-Per-Sec: 1518418
Empty-Cycles-Per-Sec: 23135402
Loop-Overhead: 6.6%
Adjusted-Used-Time: 8.57749998724898
Bench-Points: 116.58
