Date: 2019-06-14 11:45:03
Test: /usr/local/lib/perl5/site_perl/5.30.0/PerlBench/benchmarks/string/index-var.t
Perl: /usr/local/bin/perl5.8.9-nt 5.008009
Cycles: 17417655
User-Time: 17.79
System-Time: 0
Real-Time: 17.789
CPU: 100%
Cycles-Per-Sec: 979070
Empty-Cycles-Per-Sec: 20527584
Loop-Overhead: 4.8%
Adjusted-Used-Time: 16.9415000011692
Bench-Points: 59.027
