Date: 2016-11-01 23:42:30
Test: ./benchmarks/startup/lotsofsub.t
Perl: /usr/local/bin/perl5.10.1-nt 5.010001
Cycles: 139
User-Time: 4.93
System-Time: 0.58
Real-Time: 5.604
CPU: 98%
Cycles-Per-Sec: 25.227
Empty-Cycles-Per-Sec: 22555146
Loop-Overhead: 0.0%
Adjusted-Used-Time: 5.50999383732652
Bench-Points: 181.49
