Date: 2016-11-01 23:42:36
Test: ./benchmarks/startup/lotsofsub.t
Perl: /usr/local/bin/perl5.12.5-nt 5.012005
Cycles: 139
User-Time: 5.28
System-Time: 0.6
Real-Time: 5.992
CPU: 98%
Cycles-Per-Sec: 23.639
Empty-Cycles-Per-Sec: 21297296
Loop-Overhead: 0.0%
Adjusted-Used-Time: 5.87999347334986
Bench-Points: 170.07
