Date: 2016-11-01 23:42:42
Test: ./benchmarks/startup/lotsofsub.t
Perl: /usr/local/bin/perl5.14.4-nt 5.014004
Cycles: 139
User-Time: 5.18
System-Time: 0.56
Real-Time: 6.375
CPU: 90%
Cycles-Per-Sec: 24.216
Empty-Cycles-Per-Sec: 23329004
Loop-Overhead: 0.0%
Adjusted-Used-Time: 5.73999404175163
Bench-Points: 174.22
