Date: 2016-11-01 23:42:48
Test: ./benchmarks/startup/lotsofsub.t
Perl: /usr/local/bin/perl5.16.3-nt 5.016003
Cycles: 139
User-Time: 5.32
System-Time: 0.57
Real-Time: 5.966
CPU: 99%
Cycles-Per-Sec: 23.599
Empty-Cycles-Per-Sec: 22757682
Loop-Overhead: 0.0%
Adjusted-Used-Time: 5.88999389217232
Bench-Points: 169.78
