Date: 2016-11-01 23:42:55
Test: ./benchmarks/startup/lotsofsub.t
Perl: /usr/local/bin/perl5.18.4-nt 5.018004
Cycles: 139
User-Time: 4.74
System-Time: 0.64
Real-Time: 6.046
CPU: 89%
Cycles-Per-Sec: 25.836
Empty-Cycles-Per-Sec: 24627350
Loop-Overhead: 0.0%
Adjusted-Used-Time: 5.37999435586858
Bench-Points: 185.87
