Date: 2016-11-01 23:43:01
Test: ./benchmarks/startup/lotsofsub.t
Perl: /usr/local/bin/perl5.20.3-nt 5.020003
Cycles: 139
User-Time: 5.38
System-Time: 0.77
Real-Time: 6.292
CPU: 98%
Cycles-Per-Sec: 22.602
Empty-Cycles-Per-Sec: 22832236
Loop-Overhead: 0.0%
Adjusted-Used-Time: 6.14999391211619
Bench-Points: 162.6
