Date: 2016-11-01 23:43:14
Test: ./benchmarks/startup/lotsofsub.t
Perl: /usr/local/bin/perl5.22.2-nt 5.022002
Cycles: 139
User-Time: 5.21
System-Time: 0.75
Real-Time: 6.085
CPU: 98%
Cycles-Per-Sec: 23.322
Empty-Cycles-Per-Sec: 23231800
Loop-Overhead: 0.0%
Adjusted-Used-Time: 5.95999401682177
Bench-Points: 167.79
