Date: 2016-11-01 23:43:07
Test: ./benchmarks/startup/lotsofsub.t
Perl: /usr/local/bin/cperl5.22.2-nt 5.022002
Cycles: 139
User-Time: 5.71
System-Time: 0.8
Real-Time: 7.254
CPU: 90%
Cycles-Per-Sec: 21.352
Empty-Cycles-Per-Sec: 25861002
Loop-Overhead: 0.0%
Adjusted-Used-Time: 6.50999462511159
Bench-Points: 153.61
