Date: 2016-11-01 23:43:27
Test: ./benchmarks/startup/lotsofsub.t
Perl: /usr/local/bin/perl5.24.0-nt 5.024000
Cycles: 139
User-Time: 5.37
System-Time: 0.75
Real-Time: 6.249
CPU: 98%
Cycles-Per-Sec: 22.712
Empty-Cycles-Per-Sec: 25413090
Loop-Overhead: 0.0%
Adjusted-Used-Time: 6.11999453037785
Bench-Points: 163.4
