Date: 2016-11-01 23:43:21
Test: ./benchmarks/startup/lotsofsub.t
Perl: /usr/local/bin/cperl5.24.0-nt 5.024000
Cycles: 139
User-Time: 5.63
System-Time: 0.75
Real-Time: 6.511
CPU: 98%
Cycles-Per-Sec: 21.787
Empty-Cycles-Per-Sec: 26250621
Loop-Overhead: 0.0%
Adjusted-Used-Time: 6.37999470488717
Bench-Points: 156.74
