Date: 2016-11-01 23:43:41
Test: ./benchmarks/startup/lotsofsub.t
Perl: /usr/local/bin/perl5.25.3-nt 5.025003
Cycles: 139
User-Time: 5.35
System-Time: 0.74
Real-Time: 6.802
CPU: 90%
Cycles-Per-Sec: 22.824
Empty-Cycles-Per-Sec: 25765397
Loop-Overhead: 0.0%
Adjusted-Used-Time: 6.08999460516754
Bench-Points: 164.2
