Date: 2016-11-01 23:43:34
Test: ./benchmarks/startup/lotsofsub.t
Perl: /usr/local/bin/cperl5.25.2-nt 5.025002
Cycles: 139
User-Time: 5.46
System-Time: 0.74
Real-Time: 6.871
CPU: 90%
Cycles-Per-Sec: 22.419
Empty-Cycles-Per-Sec: 25413090
Loop-Overhead: 0.0%
Adjusted-Used-Time: 6.19999453037785
Bench-Points: 161.29
