Date: 2016-11-01 23:42:24
Test: ./benchmarks/startup/lotsofsub.t
Perl: /usr/local/bin/perl5.8.8-nt 5.008008
Cycles: 139
User-Time: 4.46
System-Time: 0.54
Real-Time: 5.655
CPU: 88%
Cycles-Per-Sec: 27.800
Empty-Cycles-Per-Sec: 23135402
Loop-Overhead: 0.0%
Adjusted-Used-Time: 4.99999399189173
Bench-Points: 200
