Date: 2016-11-01 23:47:17
Test: ./benchmarks/string/base64.t
Perl: /usr/local/bin/perl5.10.1-nt 5.010001
Cycles: 371708
User-Time: 7.39
System-Time: 0.01
Real-Time: 7.410
CPU: 100%
Cycles-Per-Sec: 50231
Empty-Cycles-Per-Sec: 22555146
Loop-Overhead: 0.2%
Adjusted-Used-Time: 7.38352003573819
Bench-Points: 135.44
