Date: 2016-11-01 23:47:24
Test: ./benchmarks/string/base64.t
Perl: /usr/local/bin/perl5.12.5-nt 5.012005
Cycles: 371708
User-Time: 9.73
System-Time: 0.01
Real-Time: 9.749
CPU: 100%
Cycles-Per-Sec: 38163
Empty-Cycles-Per-Sec: 21297296
Loop-Overhead: 0.2%
Adjusted-Used-Time: 9.72254670452061
Bench-Points: 102.85
