Date: 2016-11-01 23:47:34
Test: ./benchmarks/string/base64.t
Perl: /usr/local/bin/perl5.14.4-nt 5.014004
Cycles: 371708
User-Time: 9.04
System-Time: 0
Real-Time: 9.053
CPU: 100%
Cycles-Per-Sec: 41118
Empty-Cycles-Per-Sec: 23329004
Loop-Overhead: 0.2%
Adjusted-Used-Time: 9.02406670083301
Bench-Points: 110.81
