Date: 2018-09-08 20:38:54
Test: /usr/local/lib/perl5/site_perl/5.26.1/PerlBench/benchmarks/string/base64.t
Perl: /usr/local/bin/perl5.14.4-nt 5.014004
Cycles: 439634
User-Time: 11.52
System-Time: 0
Real-Time: 11.517
CPU: 100%
Cycles-Per-Sec: 38163
Empty-Cycles-Per-Sec: 16511042
Loop-Overhead: 0.2%
Adjusted-Used-Time: 11.4933733340391
Bench-Points: 87.007
