Date: 2019-06-14 11:35:59
Test: /usr/local/lib/perl5/site_perl/5.30.0/PerlBench/benchmarks/string/base64.t
Perl: /usr/local/bin/perl5.14.4-nt@g 5.014004
Cycles: 464470
User-Time: 12.38
System-Time: 0
Real-Time: 12.378
CPU: 100%
Cycles-Per-Sec: 37518
Empty-Cycles-Per-Sec: 28115666
Loop-Overhead: 0.1%
Adjusted-Used-Time: 12.3634800285364
Bench-Points: 80.883
