Date: 2016-11-01 23:47:43
Test: ./benchmarks/string/base64.t
Perl: /usr/local/bin/perl5.16.3-nt 5.016003
Cycles: 371708
User-Time: 8.74
System-Time: 0
Real-Time: 8.751
CPU: 100%
Cycles-Per-Sec: 42530
Empty-Cycles-Per-Sec: 22757682
Loop-Overhead: 0.2%
Adjusted-Used-Time: 8.72366670208328
Bench-Points: 114.63
