Date: 2019-06-14 11:36:11
Test: /usr/local/lib/perl5/site_perl/5.30.0/PerlBench/benchmarks/string/base64.t
Perl: /usr/local/bin/perl5.18.4-nt 5.018004
Cycles: 464470
User-Time: 11.95
System-Time: 0
Real-Time: 11.946
CPU: 100%
Cycles-Per-Sec: 38868
Empty-Cycles-Per-Sec: 30108306
Loop-Overhead: 0.1%
Adjusted-Used-Time: 11.9345733599227
Bench-Points: 83.79
