Date: 2016-11-01 23:47:52
Test: ./benchmarks/string/base64.t
Perl: /usr/local/bin/perl5.18.4-nt 5.018004
Cycles: 371708
User-Time: 8.59
System-Time: 0.01
Real-Time: 8.606
CPU: 100%
Cycles-Per-Sec: 43222
Empty-Cycles-Per-Sec: 24627350
Loop-Overhead: 0.2%
Adjusted-Used-Time: 8.58490669925916
Bench-Points: 116.48
