Date: 2016-11-01 23:48:00
Test: ./benchmarks/string/base64.t
Perl: /usr/local/bin/perl5.20.3-nt 5.020003
Cycles: 371708
User-Time: 7.76
System-Time: 0
Real-Time: 7.774
CPU: 100%
Cycles-Per-Sec: 47901
Empty-Cycles-Per-Sec: 22832236
Loop-Overhead: 0.2%
Adjusted-Used-Time: 7.74372003512928
Bench-Points: 129.14
