Date: 2018-09-08 20:39:05
Test: /usr/local/lib/perl5/site_perl/5.26.1/PerlBench/benchmarks/string/base64.t
Perl: /usr/local/bin/perl5.22.3-nt 5.022003
Cycles: 439634
User-Time: 10.07
System-Time: 0
Real-Time: 10.067
CPU: 100%
Cycles-Per-Sec: 43658
Empty-Cycles-Per-Sec: 20166697
Loop-Overhead: 0.2%
Adjusted-Used-Time: 10.0481999997322
Bench-Points: 99.52
