Date: 2016-11-01 23:48:08
Test: ./benchmarks/string/base64.t
Perl: /usr/local/bin/cperl5.22.2-nt 5.022002
Cycles: 371708
User-Time: 8.49
System-Time: 0
Real-Time: 8.501
CPU: 100%
Cycles-Per-Sec: 43782
Empty-Cycles-Per-Sec: 25861002
Loop-Overhead: 0.2%
Adjusted-Used-Time: 8.47562669768171
Bench-Points: 117.99
