Date: 2016-11-01 23:48:17
Test: ./benchmarks/string/base64.t
Perl: /usr/local/bin/perl5.22.2-nt 5.022002
Cycles: 371708
User-Time: 7.78
System-Time: 0
Real-Time: 7.789
CPU: 100%
Cycles-Per-Sec: 47777
Empty-Cycles-Per-Sec: 23231800
Loop-Overhead: 0.2%
Adjusted-Used-Time: 7.76400003443556
Bench-Points: 128.8
