Date: 2019-06-14 11:36:34
Test: /usr/local/lib/perl5/site_perl/5.30.0/PerlBench/benchmarks/string/base64.t
Perl: /usr/local/bin/cperl5.22.5-nt 5.022005
Cycles: 464470
User-Time: 12.86
System-Time: 0
Real-Time: 12.859
CPU: 100%
Cycles-Per-Sec: 36117
Empty-Cycles-Per-Sec: 32284810
Loop-Overhead: 0.1%
Adjusted-Used-Time: 12.8456133581087
Bench-Points: 77.848
