Date: 2018-09-08 20:39:15
Test: /usr/local/lib/perl5/site_perl/5.26.1/PerlBench/benchmarks/string/base64.t
Perl: /usr/local/bin/cperl5.22.5-nt 5.022005
Cycles: 439634
User-Time: 12.36
System-Time: 0
Real-Time: 12.362
CPU: 100%
Cycles-Per-Sec: 35569
Empty-Cycles-Per-Sec: 29439777
Loop-Overhead: 0.1%
Adjusted-Used-Time: 12.3450666667754
Bench-Points: 81.004
