Date: 2019-06-14 11:36:23
Test: /usr/local/lib/perl5/site_perl/5.30.0/PerlBench/benchmarks/string/base64.t
Perl: /usr/local/bin/perl5.22.4-nt 5.022004
Cycles: 464470
User-Time: 10.94
System-Time: 0
Real-Time: 10.940
CPU: 100%
Cycles-Per-Sec: 42456
Empty-Cycles-Per-Sec: 29496452
Loop-Overhead: 0.1%
Adjusted-Used-Time: 10.9242533603703
Bench-Points: 91.539
