Date: 2019-06-14 11:36:47
Test: /usr/local/lib/perl5/site_perl/5.30.0/PerlBench/benchmarks/string/base64.t
Perl: /usr/local/bin/perl5.24.4-nt 5.024004
Cycles: 464470
User-Time: 10.95
System-Time: 0
Real-Time: 10.944
CPU: 100%
Cycles-Per-Sec: 42417
Empty-Cycles-Per-Sec: 22768176
Loop-Overhead: 0.2%
Adjusted-Used-Time: 10.9296000347151
Bench-Points: 91.495
