Date: 2016-11-01 23:48:33
Test: ./benchmarks/string/base64.t
Perl: /usr/local/bin/perl5.24.0-nt 5.024000
Cycles: 371708
User-Time: 7.82
System-Time: 0
Real-Time: 7.829
CPU: 100%
Cycles-Per-Sec: 47533
Empty-Cycles-Per-Sec: 25413090
Loop-Overhead: 0.2%
Adjusted-Used-Time: 7.80537336467151
Bench-Points: 128.12
