Date: 2016-11-01 23:48:24
Test: ./benchmarks/string/base64.t
Perl: /usr/local/bin/cperl5.24.0-nt 5.024000
Cycles: 371708
User-Time: 8.36
System-Time: 0
Real-Time: 8.373
CPU: 100%
Cycles-Per-Sec: 44463
Empty-Cycles-Per-Sec: 26250621
Loop-Overhead: 0.2%
Adjusted-Used-Time: 8.34584003022252
Bench-Points: 119.82
