Date: 2018-09-08 20:39:27
Test: /usr/local/lib/perl5/site_perl/5.26.1/PerlBench/benchmarks/string/base64.t
Perl: /usr/local/bin/perl5.24.3-nt 5.024003
Cycles: 439634
User-Time: 13.15
System-Time: 0
Real-Time: 13.152
CPU: 100%
Cycles-Per-Sec: 33432
Empty-Cycles-Per-Sec: 22339126
Loop-Overhead: 0.1%
Adjusted-Used-Time: 13.1303199999857
Bench-Points: 76.16
