Date: 2018-09-08 20:39:41
Test: /usr/local/lib/perl5/site_perl/5.26.1/PerlBench/benchmarks/string/base64.t
Perl: /usr/local/bin/cperl5.24.3-nt 5.024003
Cycles: 439634
User-Time: 11.05
System-Time: 0
Real-Time: 11.056
CPU: 100%
Cycles-Per-Sec: 39786
Empty-Cycles-Per-Sec: 29785501
Loop-Overhead: 0.1%
Adjusted-Used-Time: 11.0352399998241
Bench-Points: 90.619
