Date: 2019-06-14 11:36:58
Test: /usr/local/lib/perl5/site_perl/5.30.0/PerlBench/benchmarks/string/base64.t
Perl: /usr/local/bin/cperl5.24.4-nt 5.024004
Cycles: 464470
User-Time: 11.58
System-Time: 0
Real-Time: 11.580
CPU: 100%
Cycles-Per-Sec: 40110
Empty-Cycles-Per-Sec: 32435112
Loop-Overhead: 0.1%
Adjusted-Used-Time: 11.565680024783
Bench-Points: 86.463
