Date: 2016-11-01 23:48:49
Test: ./benchmarks/string/base64.t
Perl: /usr/local/bin/perl5.25.3-nt 5.025003
Cycles: 371708
User-Time: 7.73
System-Time: 0
Real-Time: 7.737
CPU: 100%
Cycles-Per-Sec: 48086
Empty-Cycles-Per-Sec: 25765397
Loop-Overhead: 0.2%
Adjusted-Used-Time: 7.71557336415193
Bench-Points: 129.61
