Date: 2016-11-01 23:48:41
Test: ./benchmarks/string/base64.t
Perl: /usr/local/bin/cperl5.25.2-nt 5.025002
Cycles: 371708
User-Time: 8.81
System-Time: 0.01
Real-Time: 8.823
CPU: 100%
Cycles-Per-Sec: 42144
Empty-Cycles-Per-Sec: 25413090
Loop-Overhead: 0.2%
Adjusted-Used-Time: 8.80537336467151
Bench-Points: 113.57
