Date: 2018-09-08 20:40:02
Test: /usr/local/lib/perl5/site_perl/5.26.1/PerlBench/benchmarks/string/base64.t
Perl: /usr/local/bin/cperl5.26.2-nt 5.026002
Cycles: 439634
User-Time: 11.11
System-Time: 0
Real-Time: 11.111
CPU: 100%
Cycles-Per-Sec: 39571
Empty-Cycles-Per-Sec: 27340423
Loop-Overhead: 0.1%
Adjusted-Used-Time: 11.0939200000673
Bench-Points: 90.139
