Date: 2019-06-14 11:37:22
Test: /usr/local/lib/perl5/site_perl/5.30.0/PerlBench/benchmarks/string/base64.t
Perl: /usr/local/bin/cperl5.26.5-nt 5.026005
Cycles: 464470
User-Time: 11.31
System-Time: 0
Real-Time: 11.312
CPU: 100%
Cycles-Per-Sec: 41067
Empty-Cycles-Per-Sec: 22005881
Loop-Overhead: 0.2%
Adjusted-Used-Time: 11.2888933694588
Bench-Points: 88.583
