Date: 2018-09-08 20:39:52
Test: /usr/local/lib/perl5/site_perl/5.26.1/PerlBench/benchmarks/string/base64.t
Perl: /usr/local/bin/perl5.26.2-nt 5.026002
Cycles: 439634
User-Time: 10.53
System-Time: 0
Real-Time: 10.534
CPU: 100%
Cycles-Per-Sec: 41751
Empty-Cycles-Per-Sec: 32710863
Loop-Overhead: 0.1%
Adjusted-Used-Time: 10.5165599999609
Bench-Points: 95.088
