Date: 2019-06-14 11:37:09
Test: /usr/local/lib/perl5/site_perl/5.30.0/PerlBench/benchmarks/string/base64.t
Perl: /usr/local/bin/perl5.26.3-nt 5.026003
Cycles: 464470
User-Time: 12.09
System-Time: 0
Real-Time: 12.084
CPU: 100%
Cycles-Per-Sec: 38418
Empty-Cycles-Per-Sec: 32254917
Loop-Overhead: 0.1%
Adjusted-Used-Time: 12.0756000249512
Bench-Points: 82.812
