Date: 2018-09-08 20:40:24
Test: /usr/local/lib/perl5/site_perl/5.26.1/PerlBench/benchmarks/string/base64.t
Perl: /usr/local/bin/cperl5.28.0-nt 5.028000
Cycles: 439634
User-Time: 10.99
System-Time: 0
Real-Time: 10.995
CPU: 100%
Cycles-Per-Sec: 40003
Empty-Cycles-Per-Sec: 23302155
Loop-Overhead: 0.2%
Adjusted-Used-Time: 10.9711333329471
Bench-Points: 91.148
