Date: 2018-09-08 20:40:13
Test: /usr/local/lib/perl5/site_perl/5.26.1/PerlBench/benchmarks/string/base64.t
Perl: /usr/local/bin/perl5.28.0-nt 5.028000
Cycles: 439634
User-Time: 10.52
System-Time: 0
Real-Time: 10.513
CPU: 100%
Cycles-Per-Sec: 41790
Empty-Cycles-Per-Sec: 29179248
Loop-Overhead: 0.1%
Adjusted-Used-Time: 10.504933333443
Bench-Points: 95.193
