Date: 2019-06-14 11:37:45
Test: /usr/local/lib/perl5/site_perl/5.30.0/PerlBench/benchmarks/string/base64.t
Perl: /usr/local/bin/cperl5.28.2-nt 5.028002
Cycles: 464470
User-Time: 11.89
System-Time: 0
Real-Time: 11.884
CPU: 100%
Cycles-Per-Sec: 39064
Empty-Cycles-Per-Sec: 22738453
Loop-Overhead: 0.2%
Adjusted-Used-Time: 11.8695733685137
Bench-Points: 84.249
