Date: 2019-06-14 11:37:33
Test: /usr/local/lib/perl5/site_perl/5.30.0/PerlBench/benchmarks/string/base64.t
Perl: /usr/local/bin/perl5.28.2-nt 5.028002
Cycles: 464470
User-Time: 12.08
System-Time: 0
Real-Time: 12.076
CPU: 100%
Cycles-Per-Sec: 38450
Empty-Cycles-Per-Sec: 22358992
Loop-Overhead: 0.2%
Adjusted-Used-Time: 12.0592267021698
Bench-Points: 82.924
