Date: 2019-06-14 11:38:09
Test: /usr/local/lib/perl5/site_perl/5.30.0/PerlBench/benchmarks/string/base64.t
Perl: /usr/local/bin/cperl5.30.0-nt 5.030000
Cycles: 464470
User-Time: 9.68
System-Time: 0
Real-Time: 9.677
CPU: 100%
Cycles-Per-Sec: 47982
Empty-Cycles-Per-Sec: 33463314
Loop-Overhead: 0.1%
Adjusted-Used-Time: 9.66612002385657
Bench-Points: 103.45
