Date: 2019-06-14 11:37:57
Test: /usr/local/lib/perl5/site_perl/5.30.0/PerlBench/benchmarks/string/base64.t
Perl: /usr/local/bin/perl5.30.0-nt 5.030000
Cycles: 464470
User-Time: 12.39
System-Time: 0
Real-Time: 12.389
CPU: 100%
Cycles-Per-Sec: 37487
Empty-Cycles-Per-Sec: 31900467
Loop-Overhead: 0.1%
Adjusted-Used-Time: 12.375440025063
Bench-Points: 80.805
