Date: 2016-11-01 23:47:09
Test: ./benchmarks/string/base64.t
Perl: /usr/local/bin/perl5.8.8-nt 5.008008
Cycles: 371708
User-Time: 7.99
System-Time: 0
Real-Time: 7.998
CPU: 100%
Cycles-Per-Sec: 46522
Empty-Cycles-Per-Sec: 23135402
Loop-Overhead: 0.2%
Adjusted-Used-Time: 7.97393336757235
Bench-Points: 125.41
