Date: 2019-06-14 11:35:50
Test: /usr/local/lib/perl5/site_perl/5.30.0/PerlBench/benchmarks/string/base64.t
Perl: /usr/local/bin/perl5.8.9-nt 5.008009
Cycles: 464470
User-Time: 9.2
System-Time: 0
Real-Time: 9.197
CPU: 100%
Cycles-Per-Sec: 50486
Empty-Cycles-Per-Sec: 20527584
Loop-Overhead: 0.2%
Adjusted-Used-Time: 9.17737337233646
Bench-Points: 108.96
