Date: 2016-11-01 23:49:05
Test: ./benchmarks/string/htmlparser.t
Perl: /usr/local/bin/perl5.10.1-nt 5.010001
Cycles: 3717
User-Time: 8.2
System-Time: 0.01
Real-Time: 8.214
CPU: 100%
Cycles-Per-Sec: 453
Empty-Cycles-Per-Sec: 22555146
Loop-Overhead: 0.0%
Adjusted-Used-Time: 8.20983520390424
Bench-Points: 121.81
