Date: 2016-11-01 23:49:13
Test: ./benchmarks/string/htmlparser.t
Perl: /usr/local/bin/perl5.12.5-nt 5.012005
Cycles: 3717
User-Time: 8.36
System-Time: 0
Real-Time: 8.370
CPU: 100%
Cycles-Per-Sec: 445
Empty-Cycles-Per-Sec: 21297296
Loop-Overhead: 0.0%
Adjusted-Used-Time: 8.35982547080155
Bench-Points: 119.62
