Date: 2016-11-01 23:49:21
Test: ./benchmarks/string/htmlparser.t
Perl: /usr/local/bin/perl5.14.4-nt 5.014004
Cycles: 3717
User-Time: 8.48
System-Time: 0.01
Real-Time: 8.501
CPU: 100%
Cycles-Per-Sec: 438
Empty-Cycles-Per-Sec: 23329004
Loop-Overhead: 0.0%
Adjusted-Used-Time: 8.48984067043754
Bench-Points: 117.79
