Date: 2016-11-01 23:49:30
Test: ./benchmarks/string/htmlparser.t
Perl: /usr/local/bin/perl5.16.3-nt 5.016003
Cycles: 3717
User-Time: 8.76
System-Time: 0
Real-Time: 8.771
CPU: 100%
Cycles-Per-Sec: 424
Empty-Cycles-Per-Sec: 22757682
Loop-Overhead: 0.0%
Adjusted-Used-Time: 8.75983667053613
Bench-Points: 114.16
