Date: 2016-11-01 23:49:39
Test: ./benchmarks/string/htmlparser.t
Perl: /usr/local/bin/perl5.18.4-nt 5.018004
Cycles: 3717
User-Time: 7.43
System-Time: 0
Real-Time: 7.444
CPU: 100%
Cycles-Per-Sec: 500
Empty-Cycles-Per-Sec: 24627350
Loop-Overhead: 0.0%
Adjusted-Used-Time: 7.42984907024101
Bench-Points: 134.59
