Date: 2016-11-01 23:49:46
Test: ./benchmarks/string/htmlparser.t
Perl: /usr/local/bin/perl5.20.3-nt 5.020003
Cycles: 3717
User-Time: 10.38
System-Time: 0.01
Real-Time: 10.409
CPU: 100%
Cycles-Per-Sec: 358
Empty-Cycles-Per-Sec: 22832236
Loop-Overhead: 0.0%
Adjusted-Used-Time: 10.3898372038551
Bench-Points: 96.248
