Date: 2016-11-01 23:50:07
Test: ./benchmarks/string/htmlparser.t
Perl: /usr/local/bin/perl5.22.2-nt 5.022002
Cycles: 3717
User-Time: 9.47
System-Time: 0.01
Real-Time: 9.507
CPU: 100%
Cycles-Per-Sec: 392
Empty-Cycles-Per-Sec: 23231800
Loop-Overhead: 0.0%
Adjusted-Used-Time: 9.47984000378791
Bench-Points: 105.49
