Date: 2016-11-01 23:49:57
Test: ./benchmarks/string/htmlparser.t
Perl: /usr/local/bin/cperl5.22.2-nt 5.022002
Cycles: 3717
User-Time: 9.87
System-Time: 0.01
Real-Time: 9.888
CPU: 100%
Cycles-Per-Sec: 376
Empty-Cycles-Per-Sec: 25861002
Loop-Overhead: 0.0%
Adjusted-Used-Time: 9.87985627007028
Bench-Points: 101.22
