Date: 2016-11-01 23:50:27
Test: ./benchmarks/string/htmlparser.t
Perl: /usr/local/bin/perl5.24.0-nt 5.024000
Cycles: 3717
User-Time: 10.43
System-Time: 0.01
Real-Time: 10.440
CPU: 100%
Cycles-Per-Sec: 356
Empty-Cycles-Per-Sec: 25413090
Loop-Overhead: 0.0%
Adjusted-Used-Time: 10.4398537367947
Bench-Points: 95.787
