Date: 2016-11-01 23:50:16
Test: ./benchmarks/string/htmlparser.t
Perl: /usr/local/bin/cperl5.24.0-nt 5.024000
Cycles: 3717
User-Time: 10.8
System-Time: 0.05
Real-Time: 10.957
CPU: 99%
Cycles-Per-Sec: 343
Empty-Cycles-Per-Sec: 26250621
Loop-Overhead: 0.0%
Adjusted-Used-Time: 10.8498584033498
Bench-Points: 92.167
