Date: 2016-11-01 23:50:38
Test: ./benchmarks/string/htmlparser.t
Perl: /usr/local/bin/cperl5.25.2-nt 5.025002
Cycles: 3717
User-Time: 10.41
System-Time: 0.02
Real-Time: 10.456
CPU: 100%
Cycles-Per-Sec: 356
Empty-Cycles-Per-Sec: 25413090
Loop-Overhead: 0.0%
Adjusted-Used-Time: 10.4298537367947
Bench-Points: 95.879
