Date: 2016-11-01 23:50:48
Test: ./benchmarks/string/htmlparser.t
Perl: /usr/local/bin/perl5.25.3-nt 5.025003
Cycles: 3717
User-Time: 10.9
System-Time: 0.05
Real-Time: 11.040
CPU: 99%
Cycles-Per-Sec: 339
Empty-Cycles-Per-Sec: 25765397
Loop-Overhead: 0.0%
Adjusted-Used-Time: 10.9498557367465
Bench-Points: 91.325
