Date: 2016-11-01 23:48:57
Test: ./benchmarks/string/htmlparser.t
Perl: /usr/local/bin/perl5.8.8-nt 5.008008
Cycles: 3717
User-Time: 7.63
System-Time: 0.01
Real-Time: 7.649
CPU: 100%
Cycles-Per-Sec: 487
Empty-Cycles-Per-Sec: 23135402
Loop-Overhead: 0.0%
Adjusted-Used-Time: 7.63983933713363
Bench-Points: 130.89
