Date: 2016-11-01 23:04:38
Test: ./benchmarks/call/wantarray.t
Perl: /usr/local/bin/perl5.10.1-nt 5.010001
Cycles: 4646360
User-Time: 8.1
System-Time: 0.02
Real-Time: 8.157
CPU: 100%
Cycles-Per-Sec: 572212
Empty-Cycles-Per-Sec: 22555146
Loop-Overhead: 2.5%
Adjusted-Used-Time: 7.91400000336952
Bench-Points: 126.36
