Date: 2016-11-01 23:04:47
Test: ./benchmarks/call/wantarray.t
Perl: /usr/local/bin/perl5.12.5-nt 5.012005
Cycles: 4646360
User-Time: 8.8
System-Time: 0.03
Real-Time: 8.907
CPU: 99%
Cycles-Per-Sec: 526202
Empty-Cycles-Per-Sec: 21297296
Loop-Overhead: 2.5%
Adjusted-Used-Time: 8.61183333696447
Bench-Points: 116.12
