Date: 2018-09-08 20:06:59
Test: /usr/local/lib/perl5/site_perl/5.26.1/PerlBench/benchmarks/call/wantarray.t
Perl: /usr/local/bin/perl5.14.4-nt 5.014004
Cycles: 5495425
User-Time: 11.02
System-Time: 0
Real-Time: 11.013
CPU: 100%
Cycles-Per-Sec: 498677
Empty-Cycles-Per-Sec: 16511042
Loop-Overhead: 3.0%
Adjusted-Used-Time: 10.687166675489
Bench-Points: 93.57
