Date: 2019-06-14 10:44:18
Test: /usr/local/lib/perl5/site_perl/5.30.0/PerlBench/benchmarks/call/wantarray.t
Perl: /usr/local/bin/perl5.14.4-nt@g 5.014004
Cycles: 5805885
User-Time: 9.93
System-Time: 0
Real-Time: 9.931
CPU: 100%
Cycles-Per-Sec: 584681
Empty-Cycles-Per-Sec: 28115666
Loop-Overhead: 2.1%
Adjusted-Used-Time: 9.72350000103145
Bench-Points: 102.84
