Date: 2016-11-01 23:04:55
Test: ./benchmarks/call/wantarray.t
Perl: /usr/local/bin/perl5.14.4-nt 5.014004
Cycles: 4646360
User-Time: 7.44
System-Time: 0.01
Real-Time: 7.469
CPU: 100%
Cycles-Per-Sec: 623672
Empty-Cycles-Per-Sec: 23329004
Loop-Overhead: 2.7%
Adjusted-Used-Time: 7.25083333176161
Bench-Points: 137.92
