Date: 2016-11-01 23:05:03
Test: ./benchmarks/call/wantarray.t
Perl: /usr/local/bin/perl5.16.3-nt 5.016003
Cycles: 4646360
User-Time: 8.49
System-Time: 0.04
Real-Time: 8.569
CPU: 100%
Cycles-Per-Sec: 544708
Empty-Cycles-Per-Sec: 22757682
Loop-Overhead: 2.4%
Adjusted-Used-Time: 8.32583333662892
Bench-Points: 120.11
