Date: 2019-06-14 10:44:28
Test: /usr/local/lib/perl5/site_perl/5.30.0/PerlBench/benchmarks/call/wantarray.t
Perl: /usr/local/bin/perl5.18.4-nt 5.018004
Cycles: 5805885
User-Time: 10
System-Time: 0
Real-Time: 9.994
CPU: 100%
Cycles-Per-Sec: 580588
Empty-Cycles-Per-Sec: 30108306
Loop-Overhead: 1.9%
Adjusted-Used-Time: 9.80716666689916
Bench-Points: 101.97
