Date: 2016-11-01 23:05:12
Test: ./benchmarks/call/wantarray.t
Perl: /usr/local/bin/perl5.18.4-nt 5.018004
Cycles: 4646360
User-Time: 7.91
System-Time: 0.02
Real-Time: 7.957
CPU: 100%
Cycles-Per-Sec: 585922
Empty-Cycles-Per-Sec: 24627350
Loop-Overhead: 2.4%
Adjusted-Used-Time: 7.74133333468684
Bench-Points: 129.18
