Date: 2016-11-01 23:05:20
Test: ./benchmarks/call/wantarray.t
Perl: /usr/local/bin/perl5.20.3-nt 5.020003
Cycles: 4646360
User-Time: 7.78
System-Time: 0.02
Real-Time: 7.846
CPU: 99%
Cycles-Per-Sec: 595687
Empty-Cycles-Per-Sec: 22832236
Loop-Overhead: 2.6%
Adjusted-Used-Time: 7.59650000113874
Bench-Points: 131.64
