Date: 2019-06-14 10:44:38
Test: /usr/local/lib/perl5/site_perl/5.30.0/PerlBench/benchmarks/call/wantarray.t
Perl: /usr/local/bin/perl5.22.4-nt 5.022004
Cycles: 5805885
User-Time: 9.91
System-Time: 0
Real-Time: 9.908
CPU: 100%
Cycles-Per-Sec: 585861
Empty-Cycles-Per-Sec: 29496452
Loop-Overhead: 2.0%
Adjusted-Used-Time: 9.71316666560439
Bench-Points: 102.95
