Date: 2016-11-01 23:05:27
Test: ./benchmarks/call/wantarray.t
Perl: /usr/local/bin/cperl5.22.2-nt 5.022002
Cycles: 4646360
User-Time: 7.34
System-Time: 0.02
Real-Time: 7.379
CPU: 100%
Cycles-Per-Sec: 631299
Empty-Cycles-Per-Sec: 25861002
Loop-Overhead: 2.4%
Adjusted-Used-Time: 7.18033333433871
Bench-Points: 139.27
