Date: 2019-06-14 10:44:48
Test: /usr/local/lib/perl5/site_perl/5.30.0/PerlBench/benchmarks/call/wantarray.t
Perl: /usr/local/bin/cperl5.22.5-nt 5.022005
Cycles: 5805885
User-Time: 9.79
System-Time: 0
Real-Time: 9.790
CPU: 100%
Cycles-Per-Sec: 593042
Empty-Cycles-Per-Sec: 32284810
Loop-Overhead: 1.8%
Adjusted-Used-Time: 9.61016666661504
Bench-Points: 104.06
