Date: 2018-09-08 20:07:19
Test: /usr/local/lib/perl5/site_perl/5.26.1/PerlBench/benchmarks/call/wantarray.t
Perl: /usr/local/bin/cperl5.22.5-nt 5.022005
Cycles: 5495425
User-Time: 8.86
System-Time: 0
Real-Time: 8.865
CPU: 100%
Cycles-Per-Sec: 620251
Empty-Cycles-Per-Sec: 29439777
Loop-Overhead: 2.1%
Adjusted-Used-Time: 8.67333333469204
Bench-Points: 115.3
