Date: 2018-09-08 20:07:10
Test: /usr/local/lib/perl5/site_perl/5.26.1/PerlBench/benchmarks/call/wantarray.t
Perl: /usr/local/bin/perl5.22.3-nt 5.022003
Cycles: 5495425
User-Time: 9.04
System-Time: 0
Real-Time: 9.036
CPU: 100%
Cycles-Per-Sec: 607901
Empty-Cycles-Per-Sec: 20166697
Loop-Overhead: 3.0%
Adjusted-Used-Time: 8.7674999966529
Bench-Points: 114.06
