Date: 2016-11-01 23:05:42
Test: ./benchmarks/call/wantarray.t
Perl: /usr/local/bin/cperl5.24.0-nt 5.024000
Cycles: 4646360
User-Time: 6.76
System-Time: 0.02
Real-Time: 6.804
CPU: 100%
Cycles-Per-Sec: 685304
Empty-Cycles-Per-Sec: 26250621
Loop-Overhead: 2.6%
Adjusted-Used-Time: 6.60299999683817
Bench-Points: 151.45
