Date: 2018-09-08 20:07:37
Test: /usr/local/lib/perl5/site_perl/5.26.1/PerlBench/benchmarks/call/wantarray.t
Perl: /usr/local/bin/cperl5.24.3-nt 5.024003
Cycles: 5495425
User-Time: 8.7
System-Time: 0
Real-Time: 8.701
CPU: 100%
Cycles-Per-Sec: 631658
Empty-Cycles-Per-Sec: 29785501
Loop-Overhead: 2.1%
Adjusted-Used-Time: 8.51549999780094
Bench-Points: 117.43
