Date: 2019-06-14 10:44:57
Test: /usr/local/lib/perl5/site_perl/5.30.0/PerlBench/benchmarks/call/wantarray.t
Perl: /usr/local/bin/perl5.24.4-nt 5.024004
Cycles: 5805885
User-Time: 8.77
System-Time: 0
Real-Time: 8.768
CPU: 100%
Cycles-Per-Sec: 662017
Empty-Cycles-Per-Sec: 22768176
Loop-Overhead: 2.9%
Adjusted-Used-Time: 8.51499999472949
Bench-Points: 117.44
