Date: 2016-11-01 23:05:49
Test: ./benchmarks/call/wantarray.t
Perl: /usr/local/bin/perl5.24.0-nt 5.024000
Cycles: 4646360
User-Time: 6.74
System-Time: 0.01
Real-Time: 6.775
CPU: 100%
Cycles-Per-Sec: 688350
Empty-Cycles-Per-Sec: 25413090
Loop-Overhead: 2.7%
Adjusted-Used-Time: 6.56716666489593
Bench-Points: 152.27
