Date: 2018-09-08 20:07:28
Test: /usr/local/lib/perl5/site_perl/5.26.1/PerlBench/benchmarks/call/wantarray.t
Perl: /usr/local/bin/perl5.24.3-nt 5.024003
Cycles: 5495425
User-Time: 8.45
System-Time: 0
Real-Time: 8.455
CPU: 100%
Cycles-Per-Sec: 650346
Empty-Cycles-Per-Sec: 22339126
Loop-Overhead: 2.9%
Adjusted-Used-Time: 8.20399999982094
Bench-Points: 121.89
