Date: 2019-06-14 10:45:06
Test: /usr/local/lib/perl5/site_perl/5.30.0/PerlBench/benchmarks/call/wantarray.t
Perl: /usr/local/bin/cperl5.24.4-nt 5.024004
Cycles: 5805885
User-Time: 9.06
System-Time: 0
Real-Time: 9.064
CPU: 100%
Cycles-Per-Sec: 640826
Empty-Cycles-Per-Sec: 32435112
Loop-Overhead: 2.0%
Adjusted-Used-Time: 8.88100000147988
Bench-Points: 112.6
