Date: 2016-11-01 23:06:02
Test: ./benchmarks/call/wantarray.t
Perl: /usr/local/bin/perl5.25.3-nt 5.025003
Cycles: 4646360
User-Time: 6.85
System-Time: 0.02
Real-Time: 6.895
CPU: 100%
Cycles-Per-Sec: 676326
Empty-Cycles-Per-Sec: 25765397
Loop-Overhead: 2.6%
Adjusted-Used-Time: 6.68966666378166
Bench-Points: 149.48
