Date: 2016-11-01 23:05:56
Test: ./benchmarks/call/wantarray.t
Perl: /usr/local/bin/cperl5.25.2-nt 5.025002
Cycles: 4646360
User-Time: 6.57
System-Time: 0.01
Real-Time: 6.585
CPU: 100%
Cycles-Per-Sec: 706134
Empty-Cycles-Per-Sec: 25413090
Loop-Overhead: 2.8%
Adjusted-Used-Time: 6.39716666489593
Bench-Points: 156.32
