Date: 2018-09-08 20:07:53
Test: /usr/local/lib/perl5/site_perl/5.26.1/PerlBench/benchmarks/call/wantarray.t
Perl: /usr/local/bin/cperl5.26.2-nt 5.026002
Cycles: 5495425
User-Time: 7.36
System-Time: 0
Real-Time: 7.363
CPU: 100%
Cycles-Per-Sec: 746661
Empty-Cycles-Per-Sec: 27340423
Loop-Overhead: 2.7%
Adjusted-Used-Time: 7.15900000084125
Bench-Points: 139.68
