Date: 2019-06-14 10:45:15
Test: /usr/local/lib/perl5/site_perl/5.30.0/PerlBench/benchmarks/call/wantarray.t
Perl: /usr/local/bin/perl5.26.3-nt 5.026003
Cycles: 5805885
User-Time: 7.65
System-Time: 0
Real-Time: 7.650
CPU: 100%
Cycles-Per-Sec: 758939
Empty-Cycles-Per-Sec: 32254917
Loop-Overhead: 2.4%
Adjusted-Used-Time: 7.47000000186018
Bench-Points: 133.87
