Date: 2018-09-08 20:07:45
Test: /usr/local/lib/perl5/site_perl/5.26.1/PerlBench/benchmarks/call/wantarray.t
Perl: /usr/local/bin/perl5.26.2-nt 5.026002
Cycles: 5495425
User-Time: 7.5
System-Time: 0
Real-Time: 7.494
CPU: 100%
Cycles-Per-Sec: 732723
Empty-Cycles-Per-Sec: 32710863
Loop-Overhead: 2.2%
Adjusted-Used-Time: 7.33199999951087
Bench-Points: 136.39
