Date: 2019-06-14 10:45:23
Test: /usr/local/lib/perl5/site_perl/5.30.0/PerlBench/benchmarks/call/wantarray.t
Perl: /usr/local/bin/cperl5.26.5-nt 5.026005
Cycles: 5805885
User-Time: 7.76
System-Time: 0
Real-Time: 7.758
CPU: 100%
Cycles-Per-Sec: 748181
Empty-Cycles-Per-Sec: 22005881
Loop-Overhead: 3.4%
Adjusted-Used-Time: 7.49616666381137
Bench-Points: 133.4
