Date: 2019-06-14 10:45:38
Test: /usr/local/lib/perl5/site_perl/5.30.0/PerlBench/benchmarks/call/wantarray.t
Perl: /usr/local/bin/cperl5.28.2-nt 5.028002
Cycles: 5805885
User-Time: 7.36
System-Time: 0
Real-Time: 7.357
CPU: 100%
Cycles-Per-Sec: 788843
Empty-Cycles-Per-Sec: 22738453
Loop-Overhead: 3.5%
Adjusted-Used-Time: 7.10466666663735
Bench-Points: 140.75
