Date: 2019-06-14 10:45:31
Test: /usr/local/lib/perl5/site_perl/5.30.0/PerlBench/benchmarks/call/wantarray.t
Perl: /usr/local/bin/perl5.28.2-nt 5.028002
Cycles: 5805885
User-Time: 7.45
System-Time: 0
Real-Time: 7.454
CPU: 100%
Cycles-Per-Sec: 779313
Empty-Cycles-Per-Sec: 22358992
Loop-Overhead: 3.5%
Adjusted-Used-Time: 7.19033332987462
Bench-Points: 139.08
