Date: 2018-09-08 20:08:08
Test: /usr/local/lib/perl5/site_perl/5.26.1/PerlBench/benchmarks/call/wantarray.t
Perl: /usr/local/bin/cperl5.28.0-nt 5.028000
Cycles: 5495425
User-Time: 7.19
System-Time: 0
Real-Time: 7.190
CPU: 100%
Cycles-Per-Sec: 764315
Empty-Cycles-Per-Sec: 23302155
Loop-Overhead: 3.3%
Adjusted-Used-Time: 6.95416666183879
Bench-Points: 143.8
