Date: 2018-09-08 20:08:00
Test: /usr/local/lib/perl5/site_perl/5.26.1/PerlBench/benchmarks/call/wantarray.t
Perl: /usr/local/bin/perl5.28.0-nt 5.028000
Cycles: 5495425
User-Time: 7.18
System-Time: 0
Real-Time: 7.181
CPU: 100%
Cycles-Per-Sec: 765380
Empty-Cycles-Per-Sec: 29179248
Loop-Overhead: 2.6%
Adjusted-Used-Time: 6.9916666680375
Bench-Points: 143.03
