Date: 2019-06-14 10:45:46
Test: /usr/local/lib/perl5/site_perl/5.30.0/PerlBench/benchmarks/call/wantarray.t
Perl: /usr/local/bin/perl5.30.0-nt 5.030000
Cycles: 5805885
User-Time: 7.55
System-Time: 0
Real-Time: 7.550
CPU: 100%
Cycles-Per-Sec: 768991
Empty-Cycles-Per-Sec: 31900467
Loop-Overhead: 2.4%
Adjusted-Used-Time: 7.36799999981192
Bench-Points: 135.72
