Date: 2019-06-14 10:45:53
Test: /usr/local/lib/perl5/site_perl/5.30.0/PerlBench/benchmarks/call/wantarray.t
Perl: /usr/local/bin/cperl5.30.0-nt 5.030000
Cycles: 5805885
User-Time: 7.21
System-Time: 0
Real-Time: 7.211
CPU: 100%
Cycles-Per-Sec: 805255
Empty-Cycles-Per-Sec: 33463314
Loop-Overhead: 2.4%
Adjusted-Used-Time: 7.03649999937245
Bench-Points: 142.12
