Date: 2016-11-01 23:04:30
Test: ./benchmarks/call/wantarray.t
Perl: /usr/local/bin/perl5.8.8-nt 5.008008
Cycles: 4646360
User-Time: 7.97
System-Time: 0.02
Real-Time: 8.006
CPU: 100%
Cycles-Per-Sec: 581522
Empty-Cycles-Per-Sec: 23135402
Loop-Overhead: 2.5%
Adjusted-Used-Time: 7.78916666241633
Bench-Points: 128.38
