Date: 2019-06-14 10:44:07
Test: /usr/local/lib/perl5/site_perl/5.30.0/PerlBench/benchmarks/call/wantarray.t
Perl: /usr/local/bin/perl5.8.9-nt 5.008009
Cycles: 5805885
User-Time: 11.11
System-Time: 0
Real-Time: 11.108
CPU: 100%
Cycles-Per-Sec: 522582
Empty-Cycles-Per-Sec: 20527584
Loop-Overhead: 2.5%
Adjusted-Used-Time: 10.8271666670564
Bench-Points: 92.36
