Date: 2016-11-01 23:10:20
Test: ./benchmarks/hash/foreach-sort.t
Perl: /usr/local/bin/perl5.10.1-nt 5.010001
Cycles: 696954
User-Time: 12.87
System-Time: 0.1
Real-Time: 13.688
CPU: 95%
Cycles-Per-Sec: 53736
Empty-Cycles-Per-Sec: 22555146
Loop-Overhead: 0.2%
Adjusted-Used-Time: 12.9391000005054
Bench-Points: 77.285
