Date: 2016-11-01 23:10:34
Test: ./benchmarks/hash/foreach-sort.t
Perl: /usr/local/bin/perl5.12.5-nt 5.012005
Cycles: 696954
User-Time: 11.72
System-Time: 0.09
Real-Time: 12.106
CPU: 98%
Cycles-Per-Sec: 59014
Empty-Cycles-Per-Sec: 21297296
Loop-Overhead: 0.3%
Adjusted-Used-Time: 11.7772750005447
Bench-Points: 84.909
