Date: 2016-11-01 23:10:46
Test: ./benchmarks/hash/foreach-sort.t
Perl: /usr/local/bin/perl5.14.4-nt 5.014004
Cycles: 696954
User-Time: 11.61
System-Time: 0.05
Real-Time: 11.742
CPU: 99%
Cycles-Per-Sec: 59773
Empty-Cycles-Per-Sec: 23329004
Loop-Overhead: 0.3%
Adjusted-Used-Time: 11.6301249997642
Bench-Points: 85.984
