Date: 2019-06-14 10:51:45
Test: /usr/local/lib/perl5/site_perl/5.30.0/PerlBench/benchmarks/hash/foreach-sort.t
Perl: /usr/local/bin/perl5.14.4-nt@g 5.014004
Cycles: 870882
User-Time: 15.27
System-Time: 0
Real-Time: 15.275
CPU: 100%
Cycles-Per-Sec: 57032
Empty-Cycles-Per-Sec: 28115666
Loop-Overhead: 0.2%
Adjusted-Used-Time: 15.2390250268302
Bench-Points: 65.621
