Date: 2018-09-08 20:11:27
Test: /usr/local/lib/perl5/site_perl/5.26.1/PerlBench/benchmarks/hash/foreach-sort.t
Perl: /usr/local/bin/perl5.14.4-nt 5.014004
Cycles: 824313
User-Time: 14.37
System-Time: 0
Real-Time: 14.369
CPU: 100%
Cycles-Per-Sec: 57363
Empty-Cycles-Per-Sec: 16511042
Loop-Overhead: 0.3%
Adjusted-Used-Time: 14.3200750467475
Bench-Points: 69.832
