Date: 2016-11-01 23:10:58
Test: ./benchmarks/hash/foreach-sort.t
Perl: /usr/local/bin/perl5.16.3-nt 5.016003
Cycles: 696954
User-Time: 11.47
System-Time: 0.08
Real-Time: 11.792
CPU: 98%
Cycles-Per-Sec: 60342
Empty-Cycles-Per-Sec: 22757682
Loop-Overhead: 0.3%
Adjusted-Used-Time: 11.5193750004943
Bench-Points: 86.81
