Date: 2019-06-14 10:52:00
Test: /usr/local/lib/perl5/site_perl/5.30.0/PerlBench/benchmarks/hash/foreach-sort.t
Perl: /usr/local/bin/perl5.18.4-nt 5.018004
Cycles: 870882
User-Time: 14.76
System-Time: 0
Real-Time: 14.766
CPU: 100%
Cycles-Per-Sec: 59003
Empty-Cycles-Per-Sec: 30108306
Loop-Overhead: 0.2%
Adjusted-Used-Time: 14.7310750249449
Bench-Points: 67.884
