Date: 2016-11-01 23:11:10
Test: ./benchmarks/hash/foreach-sort.t
Perl: /usr/local/bin/perl5.18.4-nt 5.018004
Cycles: 696954
User-Time: 11.14
System-Time: 0.08
Real-Time: 11.333
CPU: 99%
Cycles-Per-Sec: 62117
Empty-Cycles-Per-Sec: 24627350
Loop-Overhead: 0.3%
Adjusted-Used-Time: 11.191700000203
Bench-Points: 89.352
