Date: 2016-11-01 23:11:21
Test: ./benchmarks/hash/foreach-sort.t
Perl: /usr/local/bin/perl5.20.3-nt 5.020003
Cycles: 696954
User-Time: 11.48
System-Time: 0.03
Real-Time: 11.553
CPU: 100%
Cycles-Per-Sec: 60552
Empty-Cycles-Per-Sec: 22832236
Loop-Overhead: 0.3%
Adjusted-Used-Time: 11.4794750001708
Bench-Points: 87.112
