Date: 2019-06-14 10:52:15
Test: /usr/local/lib/perl5/site_perl/5.30.0/PerlBench/benchmarks/hash/foreach-sort.t
Perl: /usr/local/bin/perl5.22.4-nt 5.022004
Cycles: 870882
User-Time: 14.38
System-Time: 0
Real-Time: 14.391
CPU: 100%
Cycles-Per-Sec: 60562
Empty-Cycles-Per-Sec: 29496452
Loop-Overhead: 0.2%
Adjusted-Used-Time: 14.3504750252674
Bench-Points: 69.684
