Date: 2018-09-08 20:11:41
Test: /usr/local/lib/perl5/site_perl/5.26.1/PerlBench/benchmarks/hash/foreach-sort.t
Perl: /usr/local/bin/perl5.22.3-nt 5.022003
Cycles: 824313
User-Time: 13.25
System-Time: 0
Real-Time: 13.250
CPU: 100%
Cycles-Per-Sec: 62212
Empty-Cycles-Per-Sec: 20166697
Loop-Overhead: 0.3%
Adjusted-Used-Time: 13.209125036688
Bench-Points: 75.705
