Date: 2018-09-08 20:11:55
Test: /usr/local/lib/perl5/site_perl/5.26.1/PerlBench/benchmarks/hash/foreach-sort.t
Perl: /usr/local/bin/cperl5.22.5-nt 5.022005
Cycles: 824313
User-Time: 13.33
System-Time: 0
Real-Time: 13.333
CPU: 100%
Cycles-Per-Sec: 61839
Empty-Cycles-Per-Sec: 29439777
Loop-Overhead: 0.2%
Adjusted-Used-Time: 13.3020000256795
Bench-Points: 75.177
