Date: 2016-11-01 23:11:33
Test: ./benchmarks/hash/foreach-sort.t
Perl: /usr/local/bin/cperl5.22.2-nt 5.022002
Cycles: 696954
User-Time: 10.28
System-Time: 0.05
Real-Time: 10.403
CPU: 99%
Cycles-Per-Sec: 67469
Empty-Cycles-Per-Sec: 25861002
Loop-Overhead: 0.3%
Adjusted-Used-Time: 10.3030500001508
Bench-Points: 97.059
