Date: 2016-11-01 23:11:54
Test: ./benchmarks/hash/foreach-sort.t
Perl: /usr/local/bin/cperl5.24.0-nt 5.024000
Cycles: 696954
User-Time: 11.27
System-Time: 0.11
Real-Time: 12.148
CPU: 94%
Cycles-Per-Sec: 61244
Empty-Cycles-Per-Sec: 26250621
Loop-Overhead: 0.2%
Adjusted-Used-Time: 11.3534499995257
Bench-Points: 88.079
