Date: 2019-06-14 10:52:44
Test: /usr/local/lib/perl5/site_perl/5.30.0/PerlBench/benchmarks/hash/foreach-sort.t
Perl: /usr/local/bin/perl5.24.4-nt 5.024004
Cycles: 870882
User-Time: 14.03
System-Time: 0
Real-Time: 14.034
CPU: 100%
Cycles-Per-Sec: 62073
Empty-Cycles-Per-Sec: 22768176
Loop-Overhead: 0.3%
Adjusted-Used-Time: 13.9917500321501
Bench-Points: 71.471
