Date: 2018-09-08 20:12:08
Test: /usr/local/lib/perl5/site_perl/5.26.1/PerlBench/benchmarks/hash/foreach-sort.t
Perl: /usr/local/bin/perl5.24.3-nt 5.024003
Cycles: 824313
User-Time: 12.72
System-Time: 0
Real-Time: 12.721
CPU: 100%
Cycles-Per-Sec: 64804
Empty-Cycles-Per-Sec: 22339126
Loop-Overhead: 0.3%
Adjusted-Used-Time: 12.6831000335465
Bench-Points: 78.845
