Date: 2016-11-01 23:12:06
Test: ./benchmarks/hash/foreach-sort.t
Perl: /usr/local/bin/perl5.24.0-nt 5.024000
Cycles: 696954
User-Time: 10
System-Time: 0.03
Real-Time: 10.070
CPU: 100%
Cycles-Per-Sec: 69487
Empty-Cycles-Per-Sec: 25413090
Loop-Overhead: 0.3%
Adjusted-Used-Time: 10.0025749997344
Bench-Points: 99.974
