Date: 2019-06-14 10:52:58
Test: /usr/local/lib/perl5/site_perl/5.30.0/PerlBench/benchmarks/hash/foreach-sort.t
Perl: /usr/local/bin/cperl5.24.4-nt 5.024004
Cycles: 870882
User-Time: 14.16
System-Time: 0
Real-Time: 14.161
CPU: 100%
Cycles-Per-Sec: 61503
Empty-Cycles-Per-Sec: 32435112
Loop-Overhead: 0.2%
Adjusted-Used-Time: 14.1331500233451
Bench-Points: 70.756
