Date: 2016-11-01 23:12:26
Test: ./benchmarks/hash/foreach-sort.t
Perl: /usr/local/bin/perl5.25.3-nt 5.025003
Cycles: 696954
User-Time: 10.04
System-Time: 0.08
Real-Time: 10.531
CPU: 96%
Cycles-Per-Sec: 68869
Empty-Cycles-Per-Sec: 25765397
Loop-Overhead: 0.3%
Adjusted-Used-Time: 10.0929499995672
Bench-Points: 99.079
