Date: 2016-11-01 23:12:16
Test: ./benchmarks/hash/foreach-sort.t
Perl: /usr/local/bin/cperl5.25.2-nt 5.025002
Cycles: 696954
User-Time: 9.98
System-Time: 0.04
Real-Time: 10.066
CPU: 100%
Cycles-Per-Sec: 69556
Empty-Cycles-Per-Sec: 25413090
Loop-Overhead: 0.3%
Adjusted-Used-Time: 9.99257499973439
Bench-Points: 100.07
