Date: 2018-09-08 20:12:47
Test: /usr/local/lib/perl5/site_perl/5.26.1/PerlBench/benchmarks/hash/foreach-sort.t
Perl: /usr/local/bin/cperl5.26.2-nt 5.026002
Cycles: 824313
User-Time: 13.96
System-Time: 0
Real-Time: 13.955
CPU: 100%
Cycles-Per-Sec: 59048
Empty-Cycles-Per-Sec: 27340423
Loop-Overhead: 0.2%
Adjusted-Used-Time: 13.9298500275581
Bench-Points: 71.788
