Date: 2019-06-14 10:53:12
Test: /usr/local/lib/perl5/site_perl/5.30.0/PerlBench/benchmarks/hash/foreach-sort.t
Perl: /usr/local/bin/perl5.26.3-nt 5.026003
Cycles: 870882
User-Time: 13.84
System-Time: 0
Real-Time: 13.847
CPU: 100%
Cycles-Per-Sec: 62925
Empty-Cycles-Per-Sec: 32254917
Loop-Overhead: 0.2%
Adjusted-Used-Time: 13.8130000235313
Bench-Points: 72.396
