Date: 2019-06-14 10:53:26
Test: /usr/local/lib/perl5/site_perl/5.30.0/PerlBench/benchmarks/hash/foreach-sort.t
Perl: /usr/local/bin/cperl5.26.5-nt 5.026005
Cycles: 870882
User-Time: 13.82
System-Time: 0
Real-Time: 13.820
CPU: 100%
Cycles-Per-Sec: 63016
Empty-Cycles-Per-Sec: 22005881
Loop-Overhead: 0.3%
Adjusted-Used-Time: 13.7804250336535
Bench-Points: 72.567
