Date: 2018-09-08 20:12:35
Test: /usr/local/lib/perl5/site_perl/5.26.1/PerlBench/benchmarks/hash/foreach-sort.t
Perl: /usr/local/bin/perl5.26.2-nt 5.026002
Cycles: 824313
User-Time: 12.65
System-Time: 0
Real-Time: 12.645
CPU: 100%
Cycles-Per-Sec: 65163
Empty-Cycles-Per-Sec: 32710863
Loop-Overhead: 0.2%
Adjusted-Used-Time: 12.6248000228548
Bench-Points: 79.209
