Date: 2019-06-14 10:53:53
Test: /usr/local/lib/perl5/site_perl/5.30.0/PerlBench/benchmarks/hash/foreach-sort.t
Perl: /usr/local/bin/cperl5.28.2-nt 5.028002
Cycles: 870882
User-Time: 14.09
System-Time: 0
Real-Time: 14.092
CPU: 100%
Cycles-Per-Sec: 61809
Empty-Cycles-Per-Sec: 22738453
Loop-Overhead: 0.3%
Adjusted-Used-Time: 14.0517000329794
Bench-Points: 71.166
