Date: 2018-09-08 20:13:13
Test: /usr/local/lib/perl5/site_perl/5.26.1/PerlBench/benchmarks/hash/foreach-sort.t
Perl: /usr/local/bin/cperl5.28.0-nt 5.028000
Cycles: 824313
User-Time: 12.51
System-Time: 0
Real-Time: 12.506
CPU: 100%
Cycles-Per-Sec: 65892
Empty-Cycles-Per-Sec: 23302155
Loop-Overhead: 0.3%
Adjusted-Used-Time: 12.4746250314617
Bench-Points: 80.163
