Date: 2018-09-08 20:13:01
Test: /usr/local/lib/perl5/site_perl/5.26.1/PerlBench/benchmarks/hash/foreach-sort.t
Perl: /usr/local/bin/perl5.28.0-nt 5.028000
Cycles: 824313
User-Time: 12.1
System-Time: 0
Real-Time: 12.099
CPU: 100%
Cycles-Per-Sec: 68125
Empty-Cycles-Per-Sec: 29179248
Loop-Overhead: 0.2%
Adjusted-Used-Time: 12.0717500259088
Bench-Points: 82.838
