Date: 2019-06-14 10:53:40
Test: /usr/local/lib/perl5/site_perl/5.30.0/PerlBench/benchmarks/hash/foreach-sort.t
Perl: /usr/local/bin/perl5.28.2-nt 5.028002
Cycles: 870882
User-Time: 13.64
System-Time: 0
Real-Time: 13.645
CPU: 100%
Cycles-Per-Sec: 63848
Empty-Cycles-Per-Sec: 22358992
Loop-Overhead: 0.3%
Adjusted-Used-Time: 13.6010500330247
Bench-Points: 73.524
