Date: 2019-06-14 10:54:08
Test: /usr/local/lib/perl5/site_perl/5.30.0/PerlBench/benchmarks/hash/foreach-sort.t
Perl: /usr/local/bin/perl5.30.0-nt 5.030000
Cycles: 870882
User-Time: 13.62
System-Time: 0
Real-Time: 13.623
CPU: 100%
Cycles-Per-Sec: 63941
Empty-Cycles-Per-Sec: 31900467
Loop-Overhead: 0.2%
Adjusted-Used-Time: 13.5927000234824
Bench-Points: 73.569
