Date: 2019-06-14 10:51:28
Test: /usr/local/lib/perl5/site_perl/5.30.0/PerlBench/benchmarks/hash/foreach-sort.t
Perl: /usr/local/bin/perl5.8.9-nt 5.008009
Cycles: 870882
User-Time: 16.66
System-Time: 0
Real-Time: 16.667
CPU: 100%
Cycles-Per-Sec: 52274
Empty-Cycles-Per-Sec: 20527584
Loop-Overhead: 0.3%
Adjusted-Used-Time: 16.6175750365947
Bench-Points: 60.177
