Date: 2016-11-01 23:10:08
Test: ./benchmarks/hash/foreach-sort.t
Perl: /usr/local/bin/perl5.8.8-nt 5.008008
Cycles: 696954
User-Time: 12.4
System-Time: 0.07
Real-Time: 12.561
CPU: 99%
Cycles-Per-Sec: 55890
Empty-Cycles-Per-Sec: 23135402
Loop-Overhead: 0.2%
Adjusted-Used-Time: 12.4398749993625
Bench-Points: 80.387
