Date: 2016-11-01 23:28:19
Test: ./benchmarks/loop/getline.t
Perl: /usr/local/bin/perl5.10.1-nt 5.010001
Cycles: 9292
User-Time: 11.77
System-Time: 0.45
Real-Time: 12.238
CPU: 100%
Cycles-Per-Sec: 760
Empty-Cycles-Per-Sec: 22555146
Loop-Overhead: 0.0%
Adjusted-Used-Time: 12.2195880319285
Bench-Points: 81.836
