Date: 2016-11-01 23:28:32
Test: ./benchmarks/loop/getline.t
Perl: /usr/local/bin/perl5.12.5-nt 5.012005
Cycles: 9292
User-Time: 11.92
System-Time: 0.51
Real-Time: 12.477
CPU: 100%
Cycles-Per-Sec: 748
Empty-Cycles-Per-Sec: 21297296
Loop-Overhead: 0.0%
Adjusted-Used-Time: 12.429563700481
Bench-Points: 80.453
