Date: 2019-06-14 11:14:36
Test: /usr/local/lib/perl5/site_perl/5.30.0/PerlBench/benchmarks/loop/getline.t
Perl: /usr/local/bin/perl5.14.4-nt@g 5.014004
Cycles: 11611
User-Time: 16.24
System-Time: 0.33
Real-Time: 16.595
CPU: 100%
Cycles-Per-Sec: 701
Empty-Cycles-Per-Sec: 28115666
Loop-Overhead: 0.0%
Adjusted-Used-Time: 16.5695870273889
Bench-Points: 60.352
