Date: 2018-09-08 20:25:36
Test: /usr/local/lib/perl5/site_perl/5.26.1/PerlBench/benchmarks/loop/getline.t
Perl: /usr/local/bin/perl5.14.4-nt 5.014004
Cycles: 10990
User-Time: 14.69
System-Time: 0.38
Real-Time: 15.078
CPU: 100%
Cycles-Per-Sec: 729
Empty-Cycles-Per-Sec: 16511042
Loop-Overhead: 0.0%
Adjusted-Used-Time: 15.0693343848317
Bench-Points: 66.36
