Date: 2016-11-01 23:28:44
Test: ./benchmarks/loop/getline.t
Perl: /usr/local/bin/perl5.14.4-nt 5.014004
Cycles: 9292
User-Time: 11.8
System-Time: 0.45
Real-Time: 12.336
CPU: 99%
Cycles-Per-Sec: 759
Empty-Cycles-Per-Sec: 23329004
Loop-Overhead: 0.0%
Adjusted-Used-Time: 12.2496016975264
Bench-Points: 81.635
