Date: 2016-11-01 23:28:56
Test: ./benchmarks/loop/getline.t
Perl: /usr/local/bin/perl5.16.3-nt 5.016003
Cycles: 9292
User-Time: 12.18
System-Time: 0.36
Real-Time: 12.554
CPU: 100%
Cycles-Per-Sec: 741
Empty-Cycles-Per-Sec: 22757682
Loop-Overhead: 0.0%
Adjusted-Used-Time: 12.5395916983109
Bench-Points: 79.747
