Date: 2016-11-01 23:29:09
Test: ./benchmarks/loop/getline.t
Perl: /usr/local/bin/perl5.18.4-nt 5.018004
Cycles: 9292
User-Time: 11.68
System-Time: 0.34
Real-Time: 12.027
CPU: 100%
Cycles-Per-Sec: 773
Empty-Cycles-Per-Sec: 24627350
Loop-Overhead: 0.0%
Adjusted-Used-Time: 12.0196226959052
Bench-Points: 83.197
