Date: 2019-06-14 11:14:52
Test: /usr/local/lib/perl5/site_perl/5.30.0/PerlBench/benchmarks/loop/getline.t
Perl: /usr/local/bin/perl5.18.4-nt 5.018004
Cycles: 11611
User-Time: 14.76
System-Time: 0.39
Real-Time: 15.157
CPU: 100%
Cycles-Per-Sec: 766
Empty-Cycles-Per-Sec: 30108306
Loop-Overhead: 0.0%
Adjusted-Used-Time: 15.1496143589081
Bench-Points: 66.008
