Date: 2016-11-01 23:29:21
Test: ./benchmarks/loop/getline.t
Perl: /usr/local/bin/perl5.20.3-nt 5.020003
Cycles: 9292
User-Time: 11.64
System-Time: 0.35
Real-Time: 12.004
CPU: 100%
Cycles-Per-Sec: 775
Empty-Cycles-Per-Sec: 22832236
Loop-Overhead: 0.0%
Adjusted-Used-Time: 11.9895930315366
Bench-Points: 83.406
