Date: 2019-06-14 11:15:22
Test: /usr/local/lib/perl5/site_perl/5.30.0/PerlBench/benchmarks/loop/getline.t
Perl: /usr/local/bin/cperl5.22.5-nt 5.022005
Cycles: 11611
User-Time: 14.68
System-Time: 0.35
Real-Time: 15.029
CPU: 100%
Cycles-Per-Sec: 773
Empty-Cycles-Per-Sec: 32284810
Loop-Overhead: 0.0%
Adjusted-Used-Time: 15.0296403571835
Bench-Points: 66.535
