Date: 2016-11-01 23:29:33
Test: ./benchmarks/loop/getline.t
Perl: /usr/local/bin/cperl5.22.2-nt 5.022002
Cycles: 9292
User-Time: 11.16
System-Time: 0.38
Real-Time: 11.569
CPU: 100%
Cycles-Per-Sec: 805
Empty-Cycles-Per-Sec: 25861002
Loop-Overhead: 0.0%
Adjusted-Used-Time: 11.5396406945098
Bench-Points: 86.658
