Date: 2016-11-01 23:29:45
Test: ./benchmarks/loop/getline.t
Perl: /usr/local/bin/perl5.22.2-nt 5.022002
Cycles: 9292
User-Time: 11.77
System-Time: 0.37
Real-Time: 12.171
CPU: 100%
Cycles-Per-Sec: 765
Empty-Cycles-Per-Sec: 23231800
Loop-Overhead: 0.0%
Adjusted-Used-Time: 12.139600030992
Bench-Points: 82.375
