Date: 2018-09-08 20:26:06
Test: /usr/local/lib/perl5/site_perl/5.26.1/PerlBench/benchmarks/loop/getline.t
Perl: /usr/local/bin/cperl5.22.5-nt 5.022005
Cycles: 10990
User-Time: 15.1
System-Time: 0.38
Real-Time: 15.477
CPU: 100%
Cycles-Per-Sec: 710
Empty-Cycles-Per-Sec: 29439777
Loop-Overhead: 0.0%
Adjusted-Used-Time: 15.4796266955419
Bench-Points: 64.601
