Date: 2016-11-01 23:29:57
Test: ./benchmarks/loop/getline.t
Perl: /usr/local/bin/cperl5.24.0-nt 5.024000
Cycles: 9292
User-Time: 11.03
System-Time: 0.37
Real-Time: 11.442
CPU: 100%
Cycles-Per-Sec: 815
Empty-Cycles-Per-Sec: 26250621
Loop-Overhead: 0.0%
Adjusted-Used-Time: 11.3996460274216
Bench-Points: 87.722
