Date: 2016-11-01 23:30:08
Test: ./benchmarks/loop/getline.t
Perl: /usr/local/bin/perl5.24.0-nt 5.024000
Cycles: 9292
User-Time: 10.84
System-Time: 0.34
Real-Time: 11.194
CPU: 100%
Cycles-Per-Sec: 831
Empty-Cycles-Per-Sec: 25413090
Loop-Overhead: 0.0%
Adjusted-Used-Time: 11.1796343616616
Bench-Points: 89.448
