Date: 2018-09-08 20:26:35
Test: /usr/local/lib/perl5/site_perl/5.26.1/PerlBench/benchmarks/loop/getline.t
Perl: /usr/local/bin/cperl5.24.3-nt 5.024003
Cycles: 10990
User-Time: 13.42
System-Time: 0.37
Real-Time: 13.798
CPU: 100%
Cycles-Per-Sec: 797
Empty-Cycles-Per-Sec: 29785501
Loop-Overhead: 0.0%
Adjusted-Used-Time: 13.789631028533
Bench-Points: 72.518
