Date: 2019-06-14 11:15:52
Test: /usr/local/lib/perl5/site_perl/5.30.0/PerlBench/benchmarks/loop/getline.t
Perl: /usr/local/bin/cperl5.24.4-nt 5.024004
Cycles: 11611
User-Time: 13.48
System-Time: 0.32
Real-Time: 13.799
CPU: 100%
Cycles-Per-Sec: 841
Empty-Cycles-Per-Sec: 32435112
Loop-Overhead: 0.0%
Adjusted-Used-Time: 13.7996420237427
Bench-Points: 72.466
