Date: 2018-09-08 20:26:21
Test: /usr/local/lib/perl5/site_perl/5.26.1/PerlBench/benchmarks/loop/getline.t
Perl: /usr/local/bin/perl5.24.3-nt 5.024003
Cycles: 10990
User-Time: 13.66
System-Time: 0.37
Real-Time: 14.039
CPU: 100%
Cycles-Per-Sec: 783
Empty-Cycles-Per-Sec: 22339126
Loop-Overhead: 0.0%
Adjusted-Used-Time: 14.0295080380495
Bench-Points: 71.278
