Date: 2019-06-14 11:15:38
Test: /usr/local/lib/perl5/site_perl/5.30.0/PerlBench/benchmarks/loop/getline.t
Perl: /usr/local/bin/perl5.24.4-nt 5.024004
Cycles: 11611
User-Time: 13.86
System-Time: 0.31
Real-Time: 14.177
CPU: 100%
Cycles-Per-Sec: 819
Empty-Cycles-Per-Sec: 22768176
Loop-Overhead: 0.0%
Adjusted-Used-Time: 14.1694900338086
Bench-Points: 70.574
