Date: 2016-11-01 23:30:31
Test: ./benchmarks/loop/getline.t
Perl: /usr/local/bin/perl5.25.3-nt 5.025003
Cycles: 9292
User-Time: 11.28
System-Time: 0.35
Real-Time: 11.653
CPU: 100%
Cycles-Per-Sec: 799
Empty-Cycles-Per-Sec: 25765397
Loop-Overhead: 0.0%
Adjusted-Used-Time: 11.629639361272
Bench-Points: 85.987
