Date: 2016-11-01 23:30:20
Test: ./benchmarks/loop/getline.t
Perl: /usr/local/bin/cperl5.25.2-nt 5.025002
Cycles: 9292
User-Time: 11
System-Time: 0.36
Real-Time: 11.373
CPU: 100%
Cycles-Per-Sec: 818
Empty-Cycles-Per-Sec: 25413090
Loop-Overhead: 0.0%
Adjusted-Used-Time: 11.3596343616616
Bench-Points: 88.031
