Date: 2019-06-14 11:16:06
Test: /usr/local/lib/perl5/site_perl/5.30.0/PerlBench/benchmarks/loop/getline.t
Perl: /usr/local/bin/perl5.26.3-nt 5.026003
Cycles: 11611
User-Time: 12.53
System-Time: 0.31
Real-Time: 12.844
CPU: 100%
Cycles-Per-Sec: 904
Empty-Cycles-Per-Sec: 32254917
Loop-Overhead: 0.0%
Adjusted-Used-Time: 12.839640023876
Bench-Points: 77.884
