Date: 2018-09-08 20:26:49
Test: /usr/local/lib/perl5/site_perl/5.26.1/PerlBench/benchmarks/loop/getline.t
Perl: /usr/local/bin/perl5.26.2-nt 5.026002
Cycles: 10990
User-Time: 13.2
System-Time: 0.41
Real-Time: 13.615
CPU: 100%
Cycles-Per-Sec: 807
Empty-Cycles-Per-Sec: 32710863
Loop-Overhead: 0.0%
Adjusted-Used-Time: 13.6096640259843
Bench-Points: 73.477
