Date: 2019-06-14 11:16:18
Test: /usr/local/lib/perl5/site_perl/5.30.0/PerlBench/benchmarks/loop/getline.t
Perl: /usr/local/bin/cperl5.26.5-nt 5.026005
Cycles: 11611
User-Time: 11.61
System-Time: 0.41
Real-Time: 12.025
CPU: 100%
Cycles-Per-Sec: 966
Empty-Cycles-Per-Sec: 22005881
Loop-Overhead: 0.0%
Adjusted-Used-Time: 12.0194723683183
Bench-Points: 83.198
