Date: 2018-09-08 20:27:03
Test: /usr/local/lib/perl5/site_perl/5.26.1/PerlBench/benchmarks/loop/getline.t
Perl: /usr/local/bin/cperl5.26.2-nt 5.026002
Cycles: 10990
User-Time: 11.35
System-Time: 0.29
Real-Time: 11.645
CPU: 100%
Cycles-Per-Sec: 944
Empty-Cycles-Per-Sec: 27340423
Loop-Overhead: 0.0%
Adjusted-Used-Time: 11.6395980310912
Bench-Points: 85.914
