Date: 2018-09-08 20:27:15
Test: /usr/local/lib/perl5/site_perl/5.26.1/PerlBench/benchmarks/loop/getline.t
Perl: /usr/local/bin/perl5.28.0-nt 5.028000
Cycles: 10990
User-Time: 11.33
System-Time: 0.33
Real-Time: 11.663
CPU: 100%
Cycles-Per-Sec: 943
Empty-Cycles-Per-Sec: 29179248
Loop-Overhead: 0.0%
Adjusted-Used-Time: 11.6596233624664
Bench-Points: 85.766
