Date: 2019-06-14 11:16:30
Test: /usr/local/lib/perl5/site_perl/5.30.0/PerlBench/benchmarks/loop/getline.t
Perl: /usr/local/bin/perl5.28.2-nt 5.028002
Cycles: 11611
User-Time: 12.41
System-Time: 0.33
Real-Time: 12.737
CPU: 100%
Cycles-Per-Sec: 911
Empty-Cycles-Per-Sec: 22358992
Loop-Overhead: 0.0%
Adjusted-Used-Time: 12.7394807010978
Bench-Points: 78.496
