Date: 2019-06-14 11:16:43
Test: /usr/local/lib/perl5/site_perl/5.30.0/PerlBench/benchmarks/loop/getline.t
Perl: /usr/local/bin/cperl5.28.2-nt 5.028002
Cycles: 11611
User-Time: 13.01
System-Time: 0.31
Real-Time: 13.322
CPU: 100%
Cycles-Per-Sec: 872
Empty-Cycles-Per-Sec: 22738453
Loop-Overhead: 0.0%
Adjusted-Used-Time: 13.3194893671966
Bench-Points: 75.078
