Date: 2018-09-08 20:27:26
Test: /usr/local/lib/perl5/site_perl/5.26.1/PerlBench/benchmarks/loop/getline.t
Perl: /usr/local/bin/cperl5.28.0-nt 5.028000
Cycles: 10990
User-Time: 13.83
System-Time: 0.34
Real-Time: 14.170
CPU: 100%
Cycles-Per-Sec: 776
Empty-Cycles-Per-Sec: 23302155
Loop-Overhead: 0.0%
Adjusted-Used-Time: 14.169528369801
Bench-Points: 70.574
