Date: 2019-06-14 11:16:56
Test: /usr/local/lib/perl5/site_perl/5.30.0/PerlBench/benchmarks/loop/getline.t
Perl: /usr/local/bin/perl5.30.0-nt 5.030000
Cycles: 11611
User-Time: 11.79
System-Time: 0.4
Real-Time: 12.199
CPU: 100%
Cycles-Per-Sec: 953
Empty-Cycles-Per-Sec: 31900467
Loop-Overhead: 0.0%
Adjusted-Used-Time: 12.1896360241372
Bench-Points: 82.037
