Date: 2019-06-14 11:14:22
Test: /usr/local/lib/perl5/site_perl/5.30.0/PerlBench/benchmarks/loop/getline.t
Perl: /usr/local/bin/perl5.8.9-nt 5.008009
Cycles: 11611
User-Time: 13.57
System-Time: 0.46
Real-Time: 14.025
CPU: 100%
Cycles-Per-Sec: 828
Empty-Cycles-Per-Sec: 20527584
Loop-Overhead: 0.0%
Adjusted-Used-Time: 14.0294343708446
Bench-Points: 71.279
