Date: 2016-11-01 23:28:09
Test: ./benchmarks/loop/getline.t
Perl: /usr/local/bin/perl5.8.8-nt 5.008008
Cycles: 9292
User-Time: 9.91
System-Time: 0.45
Real-Time: 10.367
CPU: 100%
Cycles-Per-Sec: 897
Empty-Cycles-Per-Sec: 23135402
Loop-Overhead: 0.0%
Adjusted-Used-Time: 10.359598364446
Bench-Points: 96.529
