Date: 2016-11-01 22:56:58
Test: ./benchmarks/call/9arg.t
Perl: /usr/local/bin/perl5.10.1-nt 5.010001
Cycles: 3717088
User-Time: 9.13
System-Time: 0.02
Real-Time: 9.164
CPU: 100%
Cycles-Per-Sec: 406239
Empty-Cycles-Per-Sec: 22555146
Loop-Overhead: 1.8%
Adjusted-Used-Time: 8.98520000269562
Bench-Points: 111.29
