Date: 2016-11-01 22:57:07
Test: ./benchmarks/call/9arg.t
Perl: /usr/local/bin/perl5.12.5-nt 5.012005
Cycles: 3717088
User-Time: 9.19
System-Time: 0.02
Real-Time: 9.257
CPU: 99%
Cycles-Per-Sec: 403593
Empty-Cycles-Per-Sec: 21297296
Loop-Overhead: 1.9%
Adjusted-Used-Time: 9.03546666957157
Bench-Points: 110.67
