Date: 2016-11-01 22:57:17
Test: ./benchmarks/call/9arg.t
Perl: /usr/local/bin/perl5.14.4-nt 5.014004
Cycles: 3717088
User-Time: 8.62
System-Time: 0.02
Real-Time: 8.659
CPU: 100%
Cycles-Per-Sec: 430219
Empty-Cycles-Per-Sec: 23329004
Loop-Overhead: 1.8%
Adjusted-Used-Time: 8.48066666540929
Bench-Points: 117.92
