Date: 2019-06-14 10:34:02
Test: /usr/local/lib/perl5/site_perl/5.30.0/PerlBench/benchmarks/call/9arg.t
Perl: /usr/local/bin/perl5.14.4-nt@g 5.014004
Cycles: 4644708
User-Time: 12.61
System-Time: 0
Real-Time: 12.608
CPU: 100%
Cycles-Per-Sec: 368335
Empty-Cycles-Per-Sec: 28115666
Loop-Overhead: 1.3%
Adjusted-Used-Time: 12.4448000008252
Bench-Points: 80.355
