Date: 2018-09-08 20:00:41
Test: /usr/local/lib/perl5/site_perl/5.26.1/PerlBench/benchmarks/call/9arg.t
Perl: /usr/local/bin/perl5.14.4-nt 5.014004
Cycles: 4396340
User-Time: 12.79
System-Time: 0
Real-Time: 12.811
CPU: 100%
Cycles-Per-Sec: 343733
Empty-Cycles-Per-Sec: 16511042
Loop-Overhead: 2.1%
Adjusted-Used-Time: 12.5237333403912
Bench-Points: 79.848
