Date: 2016-11-01 22:57:25
Test: ./benchmarks/call/9arg.t
Perl: /usr/local/bin/perl5.16.3-nt 5.016003
Cycles: 3717088
User-Time: 8.69
System-Time: 0.02
Real-Time: 8.735
CPU: 100%
Cycles-Per-Sec: 426761
Empty-Cycles-Per-Sec: 22757682
Loop-Overhead: 1.9%
Adjusted-Used-Time: 8.54666666930314
Bench-Points: 117
