Date: 2019-06-14 10:34:15
Test: /usr/local/lib/perl5/site_perl/5.30.0/PerlBench/benchmarks/call/9arg.t
Perl: /usr/local/bin/perl5.18.4-nt 5.018004
Cycles: 4644708
User-Time: 9.49
System-Time: 0
Real-Time: 9.488
CPU: 100%
Cycles-Per-Sec: 489432
Empty-Cycles-Per-Sec: 30108306
Loop-Overhead: 1.6%
Adjusted-Used-Time: 9.33573333351933
Bench-Points: 107.12
