Date: 2016-11-01 22:57:34
Test: ./benchmarks/call/9arg.t
Perl: /usr/local/bin/perl5.18.4-nt 5.018004
Cycles: 3717088
User-Time: 6.89
System-Time: 0.02
Real-Time: 6.943
CPU: 100%
Cycles-Per-Sec: 537929
Empty-Cycles-Per-Sec: 24627350
Loop-Overhead: 2.2%
Adjusted-Used-Time: 6.75906666774947
Bench-Points: 147.95
