Date: 2016-11-01 22:57:41
Test: ./benchmarks/call/9arg.t
Perl: /usr/local/bin/perl5.20.3-nt 5.020003
Cycles: 3717088
User-Time: 6.82
System-Time: 0.01
Real-Time: 6.846
CPU: 100%
Cycles-Per-Sec: 544230
Empty-Cycles-Per-Sec: 22832236
Loop-Overhead: 2.4%
Adjusted-Used-Time: 6.66720000091099
Bench-Points: 149.99
