Date: 2018-09-08 20:00:54
Test: /usr/local/lib/perl5/site_perl/5.26.1/PerlBench/benchmarks/call/9arg.t
Perl: /usr/local/bin/perl5.22.3-nt 5.022003
Cycles: 4396340
User-Time: 9.72
System-Time: 0
Real-Time: 9.717
CPU: 100%
Cycles-Per-Sec: 452298
Empty-Cycles-Per-Sec: 20166697
Loop-Overhead: 2.2%
Adjusted-Used-Time: 9.50199999732232
Bench-Points: 105.24
