Date: 2016-11-01 22:57:48
Test: ./benchmarks/call/9arg.t
Perl: /usr/local/bin/cperl5.22.2-nt 5.022002
Cycles: 3717088
User-Time: 6.28
System-Time: 0.01
Real-Time: 6.316
CPU: 100%
Cycles-Per-Sec: 590952
Empty-Cycles-Per-Sec: 25861002
Loop-Overhead: 2.3%
Adjusted-Used-Time: 6.14626666747097
Bench-Points: 162.7
