Date: 2019-06-14 10:34:24
Test: /usr/local/lib/perl5/site_perl/5.30.0/PerlBench/benchmarks/call/9arg.t
Perl: /usr/local/bin/perl5.22.4-nt 5.022004
Cycles: 4644708
User-Time: 9.75
System-Time: 0
Real-Time: 9.756
CPU: 100%
Cycles-Per-Sec: 476380
Empty-Cycles-Per-Sec: 29496452
Loop-Overhead: 1.6%
Adjusted-Used-Time: 9.59253333248351
Bench-Points: 104.25
