Date: 2018-09-08 20:01:04
Test: /usr/local/lib/perl5/site_perl/5.26.1/PerlBench/benchmarks/call/9arg.t
Perl: /usr/local/bin/cperl5.22.5-nt 5.022005
Cycles: 4396340
User-Time: 9.27
System-Time: 0
Real-Time: 9.265
CPU: 100%
Cycles-Per-Sec: 474255
Empty-Cycles-Per-Sec: 29439777
Loop-Overhead: 1.6%
Adjusted-Used-Time: 9.12066666775363
Bench-Points: 109.64
