Date: 2019-06-14 10:34:34
Test: /usr/local/lib/perl5/site_perl/5.30.0/PerlBench/benchmarks/call/9arg.t
Perl: /usr/local/bin/cperl5.22.5-nt 5.022005
Cycles: 4644708
User-Time: 9.2
System-Time: 0
Real-Time: 9.193
CPU: 100%
Cycles-Per-Sec: 504860
Empty-Cycles-Per-Sec: 32284810
Loop-Overhead: 1.6%
Adjusted-Used-Time: 9.05613333329203
Bench-Points: 110.42
