Date: 2018-09-08 20:01:13
Test: /usr/local/lib/perl5/site_perl/5.26.1/PerlBench/benchmarks/call/9arg.t
Perl: /usr/local/bin/perl5.24.3-nt 5.024003
Cycles: 4396340
User-Time: 8.1
System-Time: 0
Real-Time: 8.092
CPU: 100%
Cycles-Per-Sec: 542758
Empty-Cycles-Per-Sec: 22339126
Loop-Overhead: 2.4%
Adjusted-Used-Time: 7.90319999985675
Bench-Points: 126.53
