Date: 2018-09-08 20:01:21
Test: /usr/local/lib/perl5/site_perl/5.26.1/PerlBench/benchmarks/call/9arg.t
Perl: /usr/local/bin/cperl5.24.3-nt 5.024003
Cycles: 4396340
User-Time: 8.74
System-Time: 0
Real-Time: 8.739
CPU: 100%
Cycles-Per-Sec: 503014
Empty-Cycles-Per-Sec: 29785501
Loop-Overhead: 1.7%
Adjusted-Used-Time: 8.59239999824075
Bench-Points: 116.38
