Date: 2019-06-14 10:34:52
Test: /usr/local/lib/perl5/site_perl/5.30.0/PerlBench/benchmarks/call/9arg.t
Perl: /usr/local/bin/cperl5.24.4-nt 5.024004
Cycles: 4644708
User-Time: 9
System-Time: 0
Real-Time: 8.997
CPU: 100%
Cycles-Per-Sec: 516079
Empty-Cycles-Per-Sec: 32435112
Loop-Overhead: 1.6%
Adjusted-Used-Time: 8.8568000011839
Bench-Points: 112.91
