Date: 2016-11-01 22:58:06
Test: ./benchmarks/call/9arg.t
Perl: /usr/local/bin/perl5.24.0-nt 5.024000
Cycles: 3717088
User-Time: 5.54
System-Time: 0.01
Real-Time: 5.556
CPU: 100%
Cycles-Per-Sec: 669746
Empty-Cycles-Per-Sec: 25413090
Loop-Overhead: 2.6%
Adjusted-Used-Time: 5.40373333191674
Bench-Points: 185.06
