Date: 2019-06-14 10:34:43
Test: /usr/local/lib/perl5/site_perl/5.30.0/PerlBench/benchmarks/call/9arg.t
Perl: /usr/local/bin/perl5.24.4-nt 5.024004
Cycles: 4644708
User-Time: 8.6
System-Time: 0
Real-Time: 8.599
CPU: 100%
Cycles-Per-Sec: 540082
Empty-Cycles-Per-Sec: 22768176
Loop-Overhead: 2.4%
Adjusted-Used-Time: 8.39599999578359
Bench-Points: 119.1
