Date: 2016-11-01 22:58:01
Test: ./benchmarks/call/9arg.t
Perl: /usr/local/bin/cperl5.24.0-nt 5.024000
Cycles: 3717088
User-Time: 4.95
System-Time: 0.01
Real-Time: 4.976
CPU: 100%
Cycles-Per-Sec: 749413
Empty-Cycles-Per-Sec: 26250621
Loop-Overhead: 2.9%
Adjusted-Used-Time: 4.81839999747054
Bench-Points: 207.54
