Date: 2016-11-01 22:58:16
Test: ./benchmarks/call/9arg.t
Perl: /usr/local/bin/perl5.25.3-nt 5.025003
Cycles: 3717088
User-Time: 5.52
System-Time: 0.01
Real-Time: 5.557
CPU: 100%
Cycles-Per-Sec: 672168
Empty-Cycles-Per-Sec: 25765397
Loop-Overhead: 2.6%
Adjusted-Used-Time: 5.38573333102533
Bench-Points: 185.68
