Date: 2016-11-01 22:58:11
Test: ./benchmarks/call/9arg.t
Perl: /usr/local/bin/cperl5.25.2-nt 5.025002
Cycles: 3717088
User-Time: 4.93
System-Time: 0.01
Real-Time: 4.966
CPU: 99%
Cycles-Per-Sec: 752447
Empty-Cycles-Per-Sec: 25413090
Loop-Overhead: 3.0%
Adjusted-Used-Time: 4.79373333191674
Bench-Points: 208.61
