Date: 2019-06-14 10:35:09
Test: /usr/local/lib/perl5/site_perl/5.30.0/PerlBench/benchmarks/call/9arg.t
Perl: /usr/local/bin/cperl5.26.5-nt 5.026005
Cycles: 4644708
User-Time: 7.87
System-Time: 0
Real-Time: 7.873
CPU: 100%
Cycles-Per-Sec: 590179
Empty-Cycles-Per-Sec: 22005881
Loop-Overhead: 2.7%
Adjusted-Used-Time: 7.6589333310491
Bench-Points: 130.57
