Date: 2018-09-08 20:01:30
Test: /usr/local/lib/perl5/site_perl/5.26.1/PerlBench/benchmarks/call/9arg.t
Perl: /usr/local/bin/perl5.26.2-nt 5.026002
Cycles: 4396340
User-Time: 8.39
System-Time: 0
Real-Time: 8.390
CPU: 100%
Cycles-Per-Sec: 523998
Empty-Cycles-Per-Sec: 32710863
Loop-Overhead: 1.6%
Adjusted-Used-Time: 8.25559999960869
Bench-Points: 121.13
