Date: 2018-09-08 20:01:38
Test: /usr/local/lib/perl5/site_perl/5.26.1/PerlBench/benchmarks/call/9arg.t
Perl: /usr/local/bin/cperl5.26.2-nt 5.026002
Cycles: 4396340
User-Time: 7.72
System-Time: 0
Real-Time: 7.719
CPU: 100%
Cycles-Per-Sec: 569474
Empty-Cycles-Per-Sec: 27340423
Loop-Overhead: 2.1%
Adjusted-Used-Time: 7.559200000673
Bench-Points: 132.29
