Date: 2019-06-14 10:35:01
Test: /usr/local/lib/perl5/site_perl/5.30.0/PerlBench/benchmarks/call/9arg.t
Perl: /usr/local/bin/perl5.26.3-nt 5.026003
Cycles: 4644708
User-Time: 8.1
System-Time: 0
Real-Time: 8.106
CPU: 100%
Cycles-Per-Sec: 573421
Empty-Cycles-Per-Sec: 32254917
Loop-Overhead: 1.8%
Adjusted-Used-Time: 7.95600000148815
Bench-Points: 125.69
