Date: 2019-06-14 10:35:25
Test: /usr/local/lib/perl5/site_perl/5.30.0/PerlBench/benchmarks/call/9arg.t
Perl: /usr/local/bin/cperl5.28.2-nt 5.028002
Cycles: 4644708
User-Time: 7.31
System-Time: 0
Real-Time: 7.315
CPU: 100%
Cycles-Per-Sec: 635391
Empty-Cycles-Per-Sec: 22738453
Loop-Overhead: 2.8%
Adjusted-Used-Time: 7.10573333330988
Bench-Points: 140.73
