Date: 2019-06-14 10:35:17
Test: /usr/local/lib/perl5/site_perl/5.30.0/PerlBench/benchmarks/call/9arg.t
Perl: /usr/local/bin/perl5.28.2-nt 5.028002
Cycles: 4644708
User-Time: 7.99
System-Time: 0
Real-Time: 7.995
CPU: 100%
Cycles-Per-Sec: 581315
Empty-Cycles-Per-Sec: 22358992
Loop-Overhead: 2.6%
Adjusted-Used-Time: 7.7822666638997
Bench-Points: 128.5
