Date: 2018-09-08 20:01:46
Test: /usr/local/lib/perl5/site_perl/5.26.1/PerlBench/benchmarks/call/9arg.t
Perl: /usr/local/bin/perl5.28.0-nt 5.028000
Cycles: 4396340
User-Time: 8.58
System-Time: 0
Real-Time: 8.575
CPU: 100%
Cycles-Per-Sec: 512394
Empty-Cycles-Per-Sec: 29179248
Loop-Overhead: 1.8%
Adjusted-Used-Time: 8.42933333443
Bench-Points: 118.63
