Date: 2018-09-08 20:01:55
Test: /usr/local/lib/perl5/site_perl/5.26.1/PerlBench/benchmarks/call/9arg.t
Perl: /usr/local/bin/cperl5.28.0-nt 5.028000
Cycles: 4396340
User-Time: 7.21
System-Time: 0
Real-Time: 7.210
CPU: 100%
Cycles-Per-Sec: 609756
Empty-Cycles-Per-Sec: 23302155
Loop-Overhead: 2.6%
Adjusted-Used-Time: 7.02133332947103
Bench-Points: 142.42
