Date: 2019-06-14 10:35:40
Test: /usr/local/lib/perl5/site_perl/5.30.0/PerlBench/benchmarks/call/9arg.t
Perl: /usr/local/bin/cperl5.30.0-nt 5.030000
Cycles: 4644708
User-Time: 7.18
System-Time: 0
Real-Time: 7.187
CPU: 100%
Cycles-Per-Sec: 646895
Empty-Cycles-Per-Sec: 33463314
Loop-Overhead: 1.9%
Adjusted-Used-Time: 7.04119999949796
Bench-Points: 142.02
