Date: 2019-06-14 10:35:32
Test: /usr/local/lib/perl5/site_perl/5.30.0/PerlBench/benchmarks/call/9arg.t
Perl: /usr/local/bin/perl5.30.0-nt 5.030000
Cycles: 4644708
User-Time: 8.42
System-Time: 0
Real-Time: 8.419
CPU: 100%
Cycles-Per-Sec: 551628
Empty-Cycles-Per-Sec: 31900467
Loop-Overhead: 1.7%
Adjusted-Used-Time: 8.27439999984953
Bench-Points: 120.85
