Date: 2019-06-14 10:33:36
Test: /usr/local/lib/perl5/site_perl/5.30.0/PerlBench/benchmarks/call/9arg.t
Perl: /usr/local/bin/perl5.6.2-nt 5.006002
Cycles: 4644708
User-Time: 13.73
System-Time: 0
Real-Time: 13
CPU: 106%
Cycles-Per-Sec: 338289
Empty-Cycles-Per-Sec: 19256667
Loop-Overhead: 1.8%
Adjusted-Used-Time: 13.4888000041752
Bench-Points: 74.136
