Date: 2016-11-01 22:56:50
Test: ./benchmarks/call/9arg.t
Perl: /usr/local/bin/perl5.8.8-nt 5.008008
Cycles: 3717088
User-Time: 8.4
System-Time: 0.02
Real-Time: 8.455
CPU: 100%
Cycles-Per-Sec: 441459
Empty-Cycles-Per-Sec: 23135402
Loop-Overhead: 1.9%
Adjusted-Used-Time: 8.25933332993306
Bench-Points: 121.08
