Date: 2019-06-14 10:33:49
Test: /usr/local/lib/perl5/site_perl/5.30.0/PerlBench/benchmarks/call/9arg.t
Perl: /usr/local/bin/perl5.8.9-nt 5.008009
Cycles: 4644708
User-Time: 12.64
System-Time: 0
Real-Time: 12.638
CPU: 100%
Cycles-Per-Sec: 367461
Empty-Cycles-Per-Sec: 20527584
Loop-Overhead: 1.8%
Adjusted-Used-Time: 12.4137333336451
Bench-Points: 80.556
