Date: 2016-11-01 22:58:33
Test: ./benchmarks/call/empty.t
Perl: /usr/local/bin/perl5.10.1-nt 5.010001
Cycles: 18585440
User-Time: 11.03
System-Time: 0.03
Real-Time: 11.111
CPU: 100%
Cycles-Per-Sec: 1680420
Empty-Cycles-Per-Sec: 22555146
Loop-Overhead: 7.5%
Adjusted-Used-Time: 10.2360000134781
Bench-Points: 97.694
