Date: 2016-11-01 22:58:44
Test: ./benchmarks/call/empty.t
Perl: /usr/local/bin/perl5.12.5-nt 5.012005
Cycles: 18585440
User-Time: 10.36
System-Time: 0.01
Real-Time: 10.386
CPU: 100%
Cycles-Per-Sec: 1792231
Empty-Cycles-Per-Sec: 21297296
Loop-Overhead: 8.4%
Adjusted-Used-Time: 9.49733334785787
Bench-Points: 105.29
