Date: 2019-06-14 10:36:16
Test: /usr/local/lib/perl5/site_perl/5.30.0/PerlBench/benchmarks/call/empty.t
Perl: /usr/local/bin/perl5.14.4-nt@g 5.014004
Cycles: 23223540
User-Time: 12.48
System-Time: 0
Real-Time: 12.475
CPU: 100%
Cycles-Per-Sec: 1860861
Empty-Cycles-Per-Sec: 28115666
Loop-Overhead: 6.6%
Adjusted-Used-Time: 11.6540000041258
Bench-Points: 85.807
