Date: 2018-09-08 20:02:02
Test: /usr/local/lib/perl5/site_perl/5.26.1/PerlBench/benchmarks/call/empty.t
Perl: /usr/local/bin/perl5.14.4-nt 5.014004
Cycles: 21981700
User-Time: 14.04
System-Time: 0
Real-Time: 14.040
CPU: 100%
Cycles-Per-Sec: 1565648
Empty-Cycles-Per-Sec: 16511042
Loop-Overhead: 9.5%
Adjusted-Used-Time: 12.7086667019562
Bench-Points: 78.686
