Date: 2016-11-01 22:58:54
Test: ./benchmarks/call/empty.t
Perl: /usr/local/bin/perl5.14.4-nt 5.014004
Cycles: 18585440
User-Time: 10.73
System-Time: 0.03
Real-Time: 10.816
CPU: 99%
Cycles-Per-Sec: 1727271
Empty-Cycles-Per-Sec: 23329004
Loop-Overhead: 7.4%
Adjusted-Used-Time: 9.96333332704645
Bench-Points: 100.37
