Date: 2016-11-01 22:59:05
Test: ./benchmarks/call/empty.t
Perl: /usr/local/bin/perl5.16.3-nt 5.016003
Cycles: 18585440
User-Time: 11.39
System-Time: 0.03
Real-Time: 11.473
CPU: 100%
Cycles-Per-Sec: 1627447
Empty-Cycles-Per-Sec: 22757682
Loop-Overhead: 7.2%
Adjusted-Used-Time: 10.6033333465157
Bench-Points: 94.31
