Date: 2016-11-01 22:59:17
Test: ./benchmarks/call/empty.t
Perl: /usr/local/bin/perl5.18.4-nt 5.018004
Cycles: 18585440
User-Time: 9.38
System-Time: 0.03
Real-Time: 9.455
CPU: 100%
Cycles-Per-Sec: 1975073
Empty-Cycles-Per-Sec: 24627350
Loop-Overhead: 8.0%
Adjusted-Used-Time: 8.65533333874737
Bench-Points: 115.54
