Date: 2019-06-14 10:36:29
Test: /usr/local/lib/perl5/site_perl/5.30.0/PerlBench/benchmarks/call/empty.t
Perl: /usr/local/bin/perl5.18.4-nt 5.018004
Cycles: 23223540
User-Time: 11.46
System-Time: 0
Real-Time: 11.455
CPU: 100%
Cycles-Per-Sec: 2026487
Empty-Cycles-Per-Sec: 30108306
Loop-Overhead: 6.7%
Adjusted-Used-Time: 10.6886666675966
Bench-Points: 93.557
