Date: 2016-11-01 22:59:26
Test: ./benchmarks/call/empty.t
Perl: /usr/local/bin/perl5.20.3-nt 5.020003
Cycles: 18585440
User-Time: 10.22
System-Time: 0.02
Real-Time: 10.276
CPU: 100%
Cycles-Per-Sec: 1814984
Empty-Cycles-Per-Sec: 22832236
Loop-Overhead: 7.9%
Adjusted-Used-Time: 9.42600000455496
Bench-Points: 106.09
