Date: 2018-09-08 20:02:28
Test: /usr/local/lib/perl5/site_perl/5.26.1/PerlBench/benchmarks/call/empty.t
Perl: /usr/local/bin/cperl5.22.5-nt 5.022005
Cycles: 21981700
User-Time: 10.82
System-Time: 0
Real-Time: 10.818
CPU: 100%
Cycles-Per-Sec: 2031580
Empty-Cycles-Per-Sec: 29439777
Loop-Overhead: 6.9%
Adjusted-Used-Time: 10.0733333387682
Bench-Points: 99.272
