Date: 2019-06-14 10:36:52
Test: /usr/local/lib/perl5/site_perl/5.30.0/PerlBench/benchmarks/call/empty.t
Perl: /usr/local/bin/cperl5.22.5-nt 5.022005
Cycles: 23223540
User-Time: 11.87
System-Time: 0
Real-Time: 11.866
CPU: 100%
Cycles-Per-Sec: 1956490
Empty-Cycles-Per-Sec: 32284810
Loop-Overhead: 6.1%
Adjusted-Used-Time: 11.1506666664602
Bench-Points: 89.681
