Date: 2019-06-14 10:36:40
Test: /usr/local/lib/perl5/site_perl/5.30.0/PerlBench/benchmarks/call/empty.t
Perl: /usr/local/bin/perl5.22.4-nt 5.022004
Cycles: 23223540
User-Time: 11.96
System-Time: 0
Real-Time: 11.962
CPU: 100%
Cycles-Per-Sec: 1941768
Empty-Cycles-Per-Sec: 29496452
Loop-Overhead: 6.6%
Adjusted-Used-Time: 11.1726666624176
Bench-Points: 89.504
