Date: 2016-11-01 22:59:37
Test: ./benchmarks/call/empty.t
Perl: /usr/local/bin/cperl5.22.2-nt 5.022002
Cycles: 18585440
User-Time: 9.13
System-Time: 0.02
Real-Time: 9.176
CPU: 100%
Cycles-Per-Sec: 2031196
Empty-Cycles-Per-Sec: 25861002
Loop-Overhead: 7.9%
Adjusted-Used-Time: 8.43133333735483
Bench-Points: 118.61
