Date: 2018-09-08 20:02:16
Test: /usr/local/lib/perl5/site_perl/5.26.1/PerlBench/benchmarks/call/empty.t
Perl: /usr/local/bin/perl5.22.3-nt 5.022003
Cycles: 21981700
User-Time: 11.54
System-Time: 0
Real-Time: 11.544
CPU: 100%
Cycles-Per-Sec: 1904827
Empty-Cycles-Per-Sec: 20166697
Loop-Overhead: 9.4%
Adjusted-Used-Time: 10.4499999866116
Bench-Points: 95.694
