Date: 2016-11-01 23:00:01
Test: ./benchmarks/call/empty.t
Perl: /usr/local/bin/perl5.24.0-nt 5.024000
Cycles: 18585440
User-Time: 6.39
System-Time: 0.02
Real-Time: 6.466
CPU: 99%
Cycles-Per-Sec: 2899445
Empty-Cycles-Per-Sec: 25413090
Loop-Overhead: 11.4%
Adjusted-Used-Time: 5.6786666595837
Bench-Points: 176.1
