Date: 2018-09-08 20:02:45
Test: /usr/local/lib/perl5/site_perl/5.26.1/PerlBench/benchmarks/call/empty.t
Perl: /usr/local/bin/cperl5.24.3-nt 5.024003
Cycles: 21981700
User-Time: 8.89
System-Time: 0
Real-Time: 8.889
CPU: 100%
Cycles-Per-Sec: 2472632
Empty-Cycles-Per-Sec: 29785501
Loop-Overhead: 8.3%
Adjusted-Used-Time: 8.15199999120378
Bench-Points: 122.67
