Date: 2018-09-08 20:02:38
Test: /usr/local/lib/perl5/site_perl/5.26.1/PerlBench/benchmarks/call/empty.t
Perl: /usr/local/bin/perl5.24.3-nt 5.024003
Cycles: 21981700
User-Time: 7.09
System-Time: 0
Real-Time: 7.082
CPU: 100%
Cycles-Per-Sec: 3100381
Empty-Cycles-Per-Sec: 22339126
Loop-Overhead: 13.9%
Adjusted-Used-Time: 6.10599999928377
Bench-Points: 163.77
