Date: 2019-06-14 10:37:04
Test: /usr/local/lib/perl5/site_perl/5.30.0/PerlBench/benchmarks/call/empty.t
Perl: /usr/local/bin/perl5.24.4-nt 5.024004
Cycles: 23223540
User-Time: 7.52
System-Time: 0
Real-Time: 7.517
CPU: 100%
Cycles-Per-Sec: 3088237
Empty-Cycles-Per-Sec: 22768176
Loop-Overhead: 13.6%
Adjusted-Used-Time: 6.49999997891794
Bench-Points: 153.85
