Date: 2019-06-14 10:37:12
Test: /usr/local/lib/perl5/site_perl/5.30.0/PerlBench/benchmarks/call/empty.t
Perl: /usr/local/bin/cperl5.24.4-nt 5.024004
Cycles: 23223540
User-Time: 7.58
System-Time: 0
Real-Time: 7.582
CPU: 100%
Cycles-Per-Sec: 3063792
Empty-Cycles-Per-Sec: 32435112
Loop-Overhead: 9.4%
Adjusted-Used-Time: 6.86400000591951
Bench-Points: 145.69
