Date: 2016-11-01 22:59:55
Test: ./benchmarks/call/empty.t
Perl: /usr/local/bin/cperl5.24.0-nt 5.024000
Cycles: 18585440
User-Time: 6.35
System-Time: 0.02
Real-Time: 6.410
CPU: 99%
Cycles-Per-Sec: 2917651
Empty-Cycles-Per-Sec: 26250621
Loop-Overhead: 11.1%
Adjusted-Used-Time: 5.66199998735268
Bench-Points: 176.62
