Date: 2016-11-01 23:00:14
Test: ./benchmarks/call/empty.t
Perl: /usr/local/bin/perl5.25.3-nt 5.025003
Cycles: 18585440
User-Time: 6.09
System-Time: 0.01
Real-Time: 6.109
CPU: 100%
Cycles-Per-Sec: 3046793
Empty-Cycles-Per-Sec: 25765397
Loop-Overhead: 11.8%
Adjusted-Used-Time: 5.37866665512664
Bench-Points: 185.92
