Date: 2016-11-01 23:00:08
Test: ./benchmarks/call/empty.t
Perl: /usr/local/bin/cperl5.25.2-nt 5.025002
Cycles: 18585440
User-Time: 6.42
System-Time: 0.02
Real-Time: 6.483
CPU: 99%
Cycles-Per-Sec: 2885938
Empty-Cycles-Per-Sec: 25413090
Loop-Overhead: 11.4%
Adjusted-Used-Time: 5.7086666595837
Bench-Points: 175.17
