Date: 2019-06-14 10:37:26
Test: /usr/local/lib/perl5/site_perl/5.30.0/PerlBench/benchmarks/call/empty.t
Perl: /usr/local/bin/cperl5.26.5-nt 5.026005
Cycles: 23223540
User-Time: 7.76
System-Time: 0
Real-Time: 7.760
CPU: 100%
Cycles-Per-Sec: 2992724
Empty-Cycles-Per-Sec: 22005881
Loop-Overhead: 13.6%
Adjusted-Used-Time: 6.70466665524548
Bench-Points: 149.15
