Date: 2018-09-08 20:03:01
Test: /usr/local/lib/perl5/site_perl/5.26.1/PerlBench/benchmarks/call/empty.t
Perl: /usr/local/bin/cperl5.26.2-nt 5.026002
Cycles: 21981700
User-Time: 7.74
System-Time: 0
Real-Time: 7.745
CPU: 100%
Cycles-Per-Sec: 2840013
Empty-Cycles-Per-Sec: 27340423
Loop-Overhead: 10.4%
Adjusted-Used-Time: 6.93600000336498
Bench-Points: 144.18
