Date: 2018-09-08 20:02:54
Test: /usr/local/lib/perl5/site_perl/5.26.1/PerlBench/benchmarks/call/empty.t
Perl: /usr/local/bin/perl5.26.2-nt 5.026002
Cycles: 21981700
User-Time: 6.82
System-Time: 0
Real-Time: 6.818
CPU: 100%
Cycles-Per-Sec: 3223123
Empty-Cycles-Per-Sec: 32710863
Loop-Overhead: 9.9%
Adjusted-Used-Time: 6.14799999804346
Bench-Points: 162.65
