Date: 2019-06-14 10:37:19
Test: /usr/local/lib/perl5/site_perl/5.30.0/PerlBench/benchmarks/call/empty.t
Perl: /usr/local/bin/perl5.26.3-nt 5.026003
Cycles: 23223540
User-Time: 7.13
System-Time: 0
Real-Time: 7.128
CPU: 100%
Cycles-Per-Sec: 3257158
Empty-Cycles-Per-Sec: 32254917
Loop-Overhead: 10.1%
Adjusted-Used-Time: 6.41000000744073
Bench-Points: 156.01
