Date: 2018-09-08 20:03:09
Test: /usr/local/lib/perl5/site_perl/5.26.1/PerlBench/benchmarks/call/empty.t
Perl: /usr/local/bin/perl5.28.0-nt 5.028000
Cycles: 21981700
User-Time: 7.2
System-Time: 0
Real-Time: 7.206
CPU: 100%
Cycles-Per-Sec: 3053014
Empty-Cycles-Per-Sec: 29179248
Loop-Overhead: 10.5%
Adjusted-Used-Time: 6.44666667215002
Bench-Points: 155.12
