Date: 2019-06-14 10:37:34
Test: /usr/local/lib/perl5/site_perl/5.30.0/PerlBench/benchmarks/call/empty.t
Perl: /usr/local/bin/perl5.28.2-nt 5.028002
Cycles: 23223540
User-Time: 7.4
System-Time: 0
Real-Time: 7.396
CPU: 100%
Cycles-Per-Sec: 3138316
Empty-Cycles-Per-Sec: 22358992
Loop-Overhead: 14.0%
Adjusted-Used-Time: 6.36133331949848
Bench-Points: 157.2
