Date: 2018-09-08 20:03:16
Test: /usr/local/lib/perl5/site_perl/5.26.1/PerlBench/benchmarks/call/empty.t
Perl: /usr/local/bin/cperl5.28.0-nt 5.028000
Cycles: 21981700
User-Time: 7.42
System-Time: 0
Real-Time: 7.421
CPU: 100%
Cycles-Per-Sec: 2962493
Empty-Cycles-Per-Sec: 23302155
Loop-Overhead: 12.7%
Adjusted-Used-Time: 6.47666664735515
Bench-Points: 154.4
