Date: 2019-06-14 10:37:42
Test: /usr/local/lib/perl5/site_perl/5.30.0/PerlBench/benchmarks/call/empty.t
Perl: /usr/local/bin/cperl5.28.2-nt 5.028002
Cycles: 23223540
User-Time: 8.2
System-Time: 0
Real-Time: 8.195
CPU: 100%
Cycles-Per-Sec: 2832139
Empty-Cycles-Per-Sec: 22738453
Loop-Overhead: 12.5%
Adjusted-Used-Time: 7.17866666654939
Bench-Points: 139.3
