Date: 2019-06-14 10:37:50
Test: /usr/local/lib/perl5/site_perl/5.30.0/PerlBench/benchmarks/call/empty.t
Perl: /usr/local/bin/perl5.30.0-nt 5.030000
Cycles: 23223540
User-Time: 7.34
System-Time: 0
Real-Time: 7.337
CPU: 100%
Cycles-Per-Sec: 3163970
Empty-Cycles-Per-Sec: 31900467
Loop-Overhead: 9.9%
Adjusted-Used-Time: 6.61199999924766
Bench-Points: 151.24
