Date: 2019-06-14 10:37:57
Test: /usr/local/lib/perl5/site_perl/5.30.0/PerlBench/benchmarks/call/empty.t
Perl: /usr/local/bin/cperl5.30.0-nt 5.030000
Cycles: 23223540
User-Time: 8.31
System-Time: 0
Real-Time: 8.315
CPU: 100%
Cycles-Per-Sec: 2794650
Empty-Cycles-Per-Sec: 33463314
Loop-Overhead: 8.4%
Adjusted-Used-Time: 7.61599999748979
Bench-Points: 131.3
