Date: 2019-06-14 10:35:48
Test: /usr/local/lib/perl5/site_perl/5.30.0/PerlBench/benchmarks/call/empty.t
Perl: /usr/local/bin/perl5.6.2-nt 5.006002
Cycles: 23223540
User-Time: 14.93
System-Time: 0
Real-Time: 14
CPU: 107%
Cycles-Per-Sec: 1555495
Empty-Cycles-Per-Sec: 19256667
Loop-Overhead: 8.1%
Adjusted-Used-Time: 13.7240000208759
Bench-Points: 72.865
