Date: 2019-06-14 10:36:02
Test: /usr/local/lib/perl5/site_perl/5.30.0/PerlBench/benchmarks/call/empty.t
Perl: /usr/local/bin/perl5.8.9-nt 5.008009
Cycles: 23223540
User-Time: 13.87
System-Time: 0
Real-Time: 13.867
CPU: 100%
Cycles-Per-Sec: 1674372
Empty-Cycles-Per-Sec: 20527584
Loop-Overhead: 8.2%
Adjusted-Used-Time: 12.7386666682255
Bench-Points: 78.501
