Date: 2016-11-01 22:58:22
Test: ./benchmarks/call/empty.t
Perl: /usr/local/bin/perl5.8.8-nt 5.008008
Cycles: 18585440
User-Time: 10.89
System-Time: 0.03
Real-Time: 10.977
CPU: 99%
Cycles-Per-Sec: 1701963
Empty-Cycles-Per-Sec: 23135402
Loop-Overhead: 7.4%
Adjusted-Used-Time: 10.1166666496653
Bench-Points: 98.847
