Date: 2016-11-01 19:13:37
Test: ./benchmarks/array/copy.t
Perl: /usr/local/bin/perl5.10.1-nt 5.010001
Cycles: 1393908
User-Time: 10.47
System-Time: 0.01
Real-Time: 10.493
CPU: 100%
Cycles-Per-Sec: 133006
Empty-Cycles-Per-Sec: 22555146
Loop-Overhead: 0.6%
Adjusted-Used-Time: 10.4182000010109
Bench-Points: 95.986
