Date: 2016-11-01 19:13:48
Test: ./benchmarks/array/copy.t
Perl: /usr/local/bin/perl5.12.5-nt 5.012005
Cycles: 1393908
User-Time: 10.55
System-Time: 0.02
Real-Time: 10.586
CPU: 100%
Cycles-Per-Sec: 131874
Empty-Cycles-Per-Sec: 21297296
Loop-Overhead: 0.6%
Adjusted-Used-Time: 10.5045500010893
Bench-Points: 95.197
