Date: 2018-09-08 19:43:00
Test: /usr/local/lib/perl5/site_perl/5.26.1/PerlBench/benchmarks/array/copy.t
Perl: /usr/local/bin/perl5.14.4-nt 5.014004
Cycles: 1648627
User-Time: 17.28
System-Time: 0
Real-Time: 17.285
CPU: 100%
Cycles-Per-Sec: 95407
Empty-Cycles-Per-Sec: 16511042
Loop-Overhead: 0.6%
Adjusted-Used-Time: 17.1801500329295
Bench-Points: 58.207
