Date: 2016-11-01 19:13:58
Test: ./benchmarks/array/copy.t
Perl: /usr/local/bin/perl5.14.4-nt 5.014004
Cycles: 1393908
User-Time: 12.07
System-Time: 0.01
Real-Time: 12.102
CPU: 100%
Cycles-Per-Sec: 115390
Empty-Cycles-Per-Sec: 23329004
Loop-Overhead: 0.5%
Adjusted-Used-Time: 12.0202499995285
Bench-Points: 83.193
