Date: 2019-06-14 10:04:44
Test: /usr/local/lib/perl5/site_perl/5.30.0/PerlBench/benchmarks/array/copy.t
Perl: /usr/local/bin/perl5.14.4-nt@g 5.014004
Cycles: 1741765
User-Time: 14.1
System-Time: 0
Real-Time: 14.099
CPU: 100%
Cycles-Per-Sec: 123529
Empty-Cycles-Per-Sec: 28115666
Loop-Overhead: 0.4%
Adjusted-Used-Time: 14.0380500180931
Bench-Points: 71.235
