Date: 2016-11-01 19:14:10
Test: ./benchmarks/array/copy.t
Perl: /usr/local/bin/perl5.16.3-nt 5.016003
Cycles: 1393908
User-Time: 11.71
System-Time: 0.02
Real-Time: 11.739
CPU: 100%
Cycles-Per-Sec: 118833
Empty-Cycles-Per-Sec: 22757682
Loop-Overhead: 0.5%
Adjusted-Used-Time: 11.6687500009887
Bench-Points: 85.699
