Date: 2016-11-01 19:14:22
Test: ./benchmarks/array/copy.t
Perl: /usr/local/bin/perl5.18.4-nt 5.018004
Cycles: 1393908
User-Time: 11.03
System-Time: 0.01
Real-Time: 11.066
CPU: 100%
Cycles-Per-Sec: 126260
Empty-Cycles-Per-Sec: 24627350
Loop-Overhead: 0.5%
Adjusted-Used-Time: 10.9834000004061
Bench-Points: 91.046
