Date: 2019-06-14 10:04:58
Test: /usr/local/lib/perl5/site_perl/5.30.0/PerlBench/benchmarks/array/copy.t
Perl: /usr/local/bin/perl5.18.4-nt 5.018004
Cycles: 1741765
User-Time: 13.69
System-Time: 0
Real-Time: 13.684
CPU: 100%
Cycles-Per-Sec: 127229
Empty-Cycles-Per-Sec: 30108306
Loop-Overhead: 0.4%
Adjusted-Used-Time: 13.6321500166765
Bench-Points: 73.356
