Date: 2016-11-01 19:14:33
Test: ./benchmarks/array/copy.t
Perl: /usr/local/bin/perl5.20.3-nt 5.020003
Cycles: 1393908
User-Time: 10.39
System-Time: 0.01
Real-Time: 10.411
CPU: 100%
Cycles-Per-Sec: 134030
Empty-Cycles-Per-Sec: 22832236
Loop-Overhead: 0.6%
Adjusted-Used-Time: 10.3389500003416
Bench-Points: 96.722
