Date: 2019-06-14 10:05:24
Test: /usr/local/lib/perl5/site_perl/5.30.0/PerlBench/benchmarks/array/copy.t
Perl: /usr/local/bin/cperl5.22.5-nt 5.022005
Cycles: 1741765
User-Time: 13.39
System-Time: 0
Real-Time: 13.393
CPU: 100%
Cycles-Per-Sec: 130080
Empty-Cycles-Per-Sec: 32284810
Loop-Overhead: 0.4%
Adjusted-Used-Time: 13.3360500154717
Bench-Points: 74.985
