Date: 2018-09-08 19:43:17
Test: /usr/local/lib/perl5/site_perl/5.26.1/PerlBench/benchmarks/array/copy.t
Perl: /usr/local/bin/perl5.22.3-nt 5.022003
Cycles: 1648627
User-Time: 12.11
System-Time: 0
Real-Time: 12.106
CPU: 100%
Cycles-Per-Sec: 136138
Empty-Cycles-Per-Sec: 20166697
Loop-Overhead: 0.7%
Adjusted-Used-Time: 12.0282500237892
Bench-Points: 83.138
