Date: 2016-11-01 19:14:44
Test: ./benchmarks/array/copy.t
Perl: /usr/local/bin/cperl5.22.2-nt 5.022002
Cycles: 1393908
User-Time: 9.27
System-Time: 0.01
Real-Time: 9.292
CPU: 100%
Cycles-Per-Sec: 150206
Empty-Cycles-Per-Sec: 25861002
Loop-Overhead: 0.6%
Adjusted-Used-Time: 9.22610000030161
Bench-Points: 108.39
