Date: 2018-09-08 19:43:30
Test: /usr/local/lib/perl5/site_perl/5.26.1/PerlBench/benchmarks/array/copy.t
Perl: /usr/local/bin/cperl5.22.5-nt 5.022005
Cycles: 1648627
User-Time: 12.11
System-Time: 0
Real-Time: 12.106
CPU: 100%
Cycles-Per-Sec: 136138
Empty-Cycles-Per-Sec: 29439777
Loop-Overhead: 0.5%
Adjusted-Used-Time: 12.0540000173914
Bench-Points: 82.96
