Date: 2019-06-14 10:05:11
Test: /usr/local/lib/perl5/site_perl/5.30.0/PerlBench/benchmarks/array/copy.t
Perl: /usr/local/bin/perl5.22.4-nt 5.022004
Cycles: 1741765
User-Time: 12.79
System-Time: 0
Real-Time: 12.784
CPU: 100%
Cycles-Per-Sec: 136182
Empty-Cycles-Per-Sec: 29496452
Loop-Overhead: 0.5%
Adjusted-Used-Time: 12.7309500166325
Bench-Points: 78.549
