Date: 2019-06-14 10:05:51
Test: /usr/local/lib/perl5/site_perl/5.30.0/PerlBench/benchmarks/array/copy.t
Perl: /usr/local/bin/cperl5.24.4-nt 5.024004
Cycles: 1741765
User-Time: 12.81
System-Time: 0
Real-Time: 12.806
CPU: 100%
Cycles-Per-Sec: 135969
Empty-Cycles-Per-Sec: 32435112
Loop-Overhead: 0.4%
Adjusted-Used-Time: 12.7563000158594
Bench-Points: 78.393
