Date: 2016-11-01 19:15:11
Test: ./benchmarks/array/copy.t
Perl: /usr/local/bin/perl5.24.0-nt 5.024000
Cycles: 1393908
User-Time: 9.72
System-Time: 0.01
Real-Time: 9.753
CPU: 100%
Cycles-Per-Sec: 143259
Empty-Cycles-Per-Sec: 25413090
Loop-Overhead: 0.6%
Adjusted-Used-Time: 9.67514999946878
Bench-Points: 103.36
