Date: 2019-06-14 10:05:38
Test: /usr/local/lib/perl5/site_perl/5.30.0/PerlBench/benchmarks/array/copy.t
Perl: /usr/local/bin/perl5.24.4-nt 5.024004
Cycles: 1741765
User-Time: 12.96
System-Time: 0
Real-Time: 12.962
CPU: 100%
Cycles-Per-Sec: 134395
Empty-Cycles-Per-Sec: 22768176
Loop-Overhead: 0.6%
Adjusted-Used-Time: 12.8835000203793
Bench-Points: 77.619
