Date: 2018-09-08 19:43:42
Test: /usr/local/lib/perl5/site_perl/5.26.1/PerlBench/benchmarks/array/copy.t
Perl: /usr/local/bin/perl5.24.3-nt 5.024003
Cycles: 1648627
User-Time: 12.71
System-Time: 0
Real-Time: 12.708
CPU: 100%
Cycles-Per-Sec: 129711
Empty-Cycles-Per-Sec: 22339126
Loop-Overhead: 0.6%
Adjusted-Used-Time: 12.6362000223285
Bench-Points: 79.138
