Date: 2018-09-08 19:43:54
Test: /usr/local/lib/perl5/site_perl/5.26.1/PerlBench/benchmarks/array/copy.t
Perl: /usr/local/bin/cperl5.24.3-nt 5.024003
Cycles: 1648627
User-Time: 11.24
System-Time: 0
Real-Time: 11.243
CPU: 100%
Cycles-Per-Sec: 146675
Empty-Cycles-Per-Sec: 29785501
Loop-Overhead: 0.5%
Adjusted-Used-Time: 11.184650016127
Bench-Points: 89.408
