Date: 2016-11-01 19:15:30
Test: ./benchmarks/array/copy.t
Perl: /usr/local/bin/perl5.25.3-nt 5.025003
Cycles: 1393908
User-Time: 9.3
System-Time: 0.01
Real-Time: 9.332
CPU: 100%
Cycles-Per-Sec: 149722
Empty-Cycles-Per-Sec: 25765397
Loop-Overhead: 0.6%
Adjusted-Used-Time: 9.2558999991345
Bench-Points: 108.04
