Date: 2016-11-01 19:15:21
Test: ./benchmarks/array/copy.t
Perl: /usr/local/bin/cperl5.25.2-nt 5.025002
Cycles: 1393908
User-Time: 8.81
System-Time: 0.02
Real-Time: 8.854
CPU: 100%
Cycles-Per-Sec: 157860
Empty-Cycles-Per-Sec: 25413090
Loop-Overhead: 0.6%
Adjusted-Used-Time: 8.77514999946878
Bench-Points: 113.96
