Date: 2019-06-14 10:06:03
Test: /usr/local/lib/perl5/site_perl/5.30.0/PerlBench/benchmarks/array/copy.t
Perl: /usr/local/bin/perl5.26.3-nt 5.026003
Cycles: 1741765
User-Time: 9.21
System-Time: 0
Real-Time: 9.210
CPU: 100%
Cycles-Per-Sec: 189117
Empty-Cycles-Per-Sec: 32254917
Loop-Overhead: 0.6%
Adjusted-Used-Time: 9.15600001605957
Bench-Points: 109.22
