Date: 2019-06-14 10:06:13
Test: /usr/local/lib/perl5/site_perl/5.30.0/PerlBench/benchmarks/array/copy.t
Perl: /usr/local/bin/cperl5.26.5-nt 5.026005
Cycles: 1741765
User-Time: 8.93
System-Time: 0
Real-Time: 8.932
CPU: 100%
Cycles-Per-Sec: 195046
Empty-Cycles-Per-Sec: 22005881
Loop-Overhead: 0.9%
Adjusted-Used-Time: 8.85085002186461
Bench-Points: 112.98
