Date: 2018-09-08 19:44:14
Test: /usr/local/lib/perl5/site_perl/5.26.1/PerlBench/benchmarks/array/copy.t
Perl: /usr/local/bin/cperl5.26.2-nt 5.026002
Cycles: 1648627
User-Time: 8
System-Time: 0
Real-Time: 8.011
CPU: 100%
Cycles-Per-Sec: 206078
Empty-Cycles-Per-Sec: 27340423
Loop-Overhead: 0.8%
Adjusted-Used-Time: 7.93970001854031
Bench-Points: 125.95
