Date: 2018-09-08 19:44:06
Test: /usr/local/lib/perl5/site_perl/5.26.1/PerlBench/benchmarks/array/copy.t
Perl: /usr/local/bin/perl5.26.2-nt 5.026002
Cycles: 1648627
User-Time: 8.75
System-Time: 0
Real-Time: 8.764
CPU: 100%
Cycles-Per-Sec: 188415
Empty-Cycles-Per-Sec: 32710863
Loop-Overhead: 0.6%
Adjusted-Used-Time: 8.6996000151387
Bench-Points: 114.95
