Date: 2019-06-14 10:06:31
Test: /usr/local/lib/perl5/site_perl/5.30.0/PerlBench/benchmarks/array/copy.t
Perl: /usr/local/bin/cperl5.28.2-nt 5.028002
Cycles: 1741765
User-Time: 8.04
System-Time: 0
Real-Time: 8.042
CPU: 100%
Cycles-Per-Sec: 216637
Empty-Cycles-Per-Sec: 22738453
Loop-Overhead: 1.0%
Adjusted-Used-Time: 7.96340002198039
Bench-Points: 125.57
