Date: 2018-09-08 19:44:22
Test: /usr/local/lib/perl5/site_perl/5.26.1/PerlBench/benchmarks/array/copy.t
Perl: /usr/local/bin/perl5.28.0-nt 5.028000
Cycles: 1648627
User-Time: 8.24
System-Time: 0
Real-Time: 8.236
CPU: 100%
Cycles-Per-Sec: 200076
Empty-Cycles-Per-Sec: 29179248
Loop-Overhead: 0.7%
Adjusted-Used-Time: 8.18350001754672
Bench-Points: 122.2
