Date: 2018-09-08 19:44:31
Test: /usr/local/lib/perl5/site_perl/5.26.1/PerlBench/benchmarks/array/copy.t
Perl: /usr/local/bin/cperl5.28.0-nt 5.028000
Cycles: 1648627
User-Time: 9.37
System-Time: 0
Real-Time: 9.376
CPU: 100%
Cycles-Per-Sec: 175947
Empty-Cycles-Per-Sec: 23302155
Loop-Overhead: 0.8%
Adjusted-Used-Time: 9.29925002000888
Bench-Points: 107.54
