Date: 2019-06-14 10:06:21
Test: /usr/local/lib/perl5/site_perl/5.30.0/PerlBench/benchmarks/array/copy.t
Perl: /usr/local/bin/perl5.28.2-nt 5.028002
Cycles: 1741765
User-Time: 9.25
System-Time: 0
Real-Time: 9.246
CPU: 100%
Cycles-Per-Sec: 188299
Empty-Cycles-Per-Sec: 22358992
Loop-Overhead: 0.8%
Adjusted-Used-Time: 9.17210002132475
Bench-Points: 109.03
