Date: 2019-06-14 10:06:48
Test: /usr/local/lib/perl5/site_perl/5.30.0/PerlBench/benchmarks/array/copy.t
Perl: /usr/local/bin/cperl5.30.0-nt 5.030000
Cycles: 1741765
User-Time: 7.13
System-Time: 0
Real-Time: 7.129
CPU: 100%
Cycles-Per-Sec: 244287
Empty-Cycles-Per-Sec: 33463314
Loop-Overhead: 0.7%
Adjusted-Used-Time: 7.07795001475347
Bench-Points: 141.28
