Date: 2019-06-14 10:06:39
Test: /usr/local/lib/perl5/site_perl/5.30.0/PerlBench/benchmarks/array/copy.t
Perl: /usr/local/bin/perl5.30.0-nt 5.030000
Cycles: 1741765
User-Time: 8.97
System-Time: 0
Real-Time: 8.968
CPU: 100%
Cycles-Per-Sec: 194177
Empty-Cycles-Per-Sec: 31900467
Loop-Overhead: 0.6%
Adjusted-Used-Time: 8.91540001561733
Bench-Points: 112.17
