Date: 2019-06-14 10:04:14
Test: /usr/local/lib/perl5/site_perl/5.30.0/PerlBench/benchmarks/array/copy.t
Perl: /usr/local/bin/perl5.6.2-nt 5.006002
Cycles: 1741765
User-Time: 14.72
System-Time: 0
Real-Time: 15
CPU: 98%
Cycles-Per-Sec: 118326
Empty-Cycles-Per-Sec: 19256667
Loop-Overhead: 0.6%
Adjusted-Used-Time: 14.6295500275307
Bench-Points: 68.355
