Date: 2019-06-14 10:04:29
Test: /usr/local/lib/perl5/site_perl/5.30.0/PerlBench/benchmarks/array/copy.t
Perl: /usr/local/bin/perl5.8.9-nt 5.008009
Cycles: 1741765
User-Time: 14.82
System-Time: 0
Real-Time: 14.818
CPU: 100%
Cycles-Per-Sec: 117528
Empty-Cycles-Per-Sec: 20527584
Loop-Overhead: 0.6%
Adjusted-Used-Time: 14.7351500244744
Bench-Points: 67.865
