Date: 2016-11-01 19:13:26
Test: ./benchmarks/array/copy.t
Perl: /usr/local/bin/perl5.8.8-nt 5.008008
Cycles: 1393908
User-Time: 11.15
System-Time: 0.02
Real-Time: 11.182
CPU: 100%
Cycles-Per-Sec: 124790
Empty-Cycles-Per-Sec: 23135402
Loop-Overhead: 0.5%
Adjusted-Used-Time: 11.1097499987249
Bench-Points: 90.011
