Date: 2016-11-01 23:30:53
Test: ./benchmarks/loop/while-my.t
Perl: /usr/local/bin/perl5.10.1-nt 5.010001
Cycles: 6504
User-Time: 10.76
System-Time: 0.01
Real-Time: 10.792
CPU: 100%
Cycles-Per-Sec: 604
Empty-Cycles-Per-Sec: 22555146
Loop-Overhead: 0.0%
Adjusted-Used-Time: 10.7697116400843
Bench-Points: 92.853
