Date: 2016-11-01 23:31:04
Test: ./benchmarks/loop/while-my.t
Perl: /usr/local/bin/perl5.12.5-nt 5.012005
Cycles: 6504
User-Time: 10.62
System-Time: 0
Real-Time: 10.637
CPU: 100%
Cycles-Per-Sec: 612
Empty-Cycles-Per-Sec: 21297296
Loop-Overhead: 0.0%
Adjusted-Used-Time: 10.6196946091185
Bench-Points: 94.165
