Date: 2016-11-01 23:31:15
Test: ./benchmarks/loop/while-my.t
Perl: /usr/local/bin/perl5.14.4-nt 5.014004
Cycles: 6504
User-Time: 10.64
System-Time: 0.01
Real-Time: 10.656
CPU: 100%
Cycles-Per-Sec: 611
Empty-Cycles-Per-Sec: 23329004
Loop-Overhead: 0.0%
Adjusted-Used-Time: 10.6497212054145
Bench-Points: 93.899
