Date: 2016-11-01 23:31:25
Test: ./benchmarks/loop/while-my.t
Perl: /usr/local/bin/perl5.16.3-nt 5.016003
Cycles: 6504
User-Time: 11.2
System-Time: 0
Real-Time: 11.221
CPU: 100%
Cycles-Per-Sec: 581
Empty-Cycles-Per-Sec: 22757682
Loop-Overhead: 0.0%
Adjusted-Used-Time: 11.1997142063941
Bench-Points: 89.288
