Date: 2016-11-01 23:31:37
Test: ./benchmarks/loop/while-my.t
Perl: /usr/local/bin/perl5.18.4-nt 5.018004
Cycles: 6504
User-Time: 10.19
System-Time: 0
Real-Time: 10.211
CPU: 100%
Cycles-Per-Sec: 638
Empty-Cycles-Per-Sec: 24627350
Loop-Overhead: 0.0%
Adjusted-Used-Time: 10.1897359033757
Bench-Points: 98.138
