Date: 2016-11-01 23:31:47
Test: ./benchmarks/loop/while-my.t
Perl: /usr/local/bin/perl5.20.3-nt 5.020003
Cycles: 6504
User-Time: 10.81
System-Time: 0
Real-Time: 10.826
CPU: 100%
Cycles-Per-Sec: 602
Empty-Cycles-Per-Sec: 22832236
Loop-Overhead: 0.0%
Adjusted-Used-Time: 10.8097151395947
Bench-Points: 92.509
