Date: 2016-11-01 23:31:58
Test: ./benchmarks/loop/while-my.t
Perl: /usr/local/bin/cperl5.22.2-nt 5.022002
Cycles: 6504
User-Time: 8.83
System-Time: 0.01
Real-Time: 8.892
CPU: 99%
Cycles-Per-Sec: 736
Empty-Cycles-Per-Sec: 25861002
Loop-Overhead: 0.0%
Adjusted-Used-Time: 8.83974850162418
Bench-Points: 113.13
