Date: 2016-11-01 23:32:07
Test: ./benchmarks/loop/while-my.t
Perl: /usr/local/bin/perl5.22.2-nt 5.022002
Cycles: 6504
User-Time: 10.44
System-Time: 0.01
Real-Time: 10.459
CPU: 100%
Cycles-Per-Sec: 622
Empty-Cycles-Per-Sec: 23231800
Loop-Overhead: 0.0%
Adjusted-Used-Time: 10.4497200389122
Bench-Points: 95.696
