Date: 2016-11-01 23:32:17
Test: ./benchmarks/loop/while-my.t
Perl: /usr/local/bin/cperl5.24.0-nt 5.024000
Cycles: 6504
User-Time: 8.45
System-Time: 0
Real-Time: 8.454
CPU: 100%
Cycles-Per-Sec: 770
Empty-Cycles-Per-Sec: 26250621
Loop-Overhead: 0.0%
Adjusted-Used-Time: 8.44975223443285
Bench-Points: 118.35
