Date: 2016-11-01 23:32:26
Test: ./benchmarks/loop/while-my.t
Perl: /usr/local/bin/perl5.24.0-nt 5.024000
Cycles: 6504
User-Time: 8.74
System-Time: 0.01
Real-Time: 8.769
CPU: 100%
Cycles-Per-Sec: 743
Empty-Cycles-Per-Sec: 25413090
Loop-Overhead: 0.0%
Adjusted-Used-Time: 8.74974406890307
Bench-Points: 114.29
