Date: 2016-11-01 23:32:34
Test: ./benchmarks/loop/while-my.t
Perl: /usr/local/bin/cperl5.25.2-nt 5.025002
Cycles: 6504
User-Time: 8.55
System-Time: 0.01
Real-Time: 8.570
CPU: 100%
Cycles-Per-Sec: 760
Empty-Cycles-Per-Sec: 25413090
Loop-Overhead: 0.0%
Adjusted-Used-Time: 8.55974406890307
Bench-Points: 116.83
