Date: 2016-11-01 23:30:43
Test: ./benchmarks/loop/while-my.t
Perl: /usr/local/bin/perl5.8.8-nt 5.008008
Cycles: 6504
User-Time: 10.65
System-Time: 0.01
Real-Time: 10.675
CPU: 100%
Cycles-Per-Sec: 610
Empty-Cycles-Per-Sec: 23135402
Loop-Overhead: 0.0%
Adjusted-Used-Time: 10.6597188724017
Bench-Points: 93.811
