Date: 2016-11-01 23:33:02
Test: ./benchmarks/loop/while.t
Perl: /usr/local/bin/perl5.10.1-nt 5.010001
Cycles: 6504
User-Time: 10.57
System-Time: 0.01
Real-Time: 10.604
CPU: 100%
Cycles-Per-Sec: 615
Empty-Cycles-Per-Sec: 22555146
Loop-Overhead: 0.0%
Adjusted-Used-Time: 10.5797116400843
Bench-Points: 94.521
