Date: 2016-11-01 23:33:13
Test: ./benchmarks/loop/while.t
Perl: /usr/local/bin/perl5.12.5-nt 5.012005
Cycles: 6504
User-Time: 10.87
System-Time: 0.01
Real-Time: 10.909
CPU: 100%
Cycles-Per-Sec: 598
Empty-Cycles-Per-Sec: 21297296
Loop-Overhead: 0.0%
Adjusted-Used-Time: 10.8796946091185
Bench-Points: 91.914
