Date: 2016-11-01 23:33:23
Test: ./benchmarks/loop/while.t
Perl: /usr/local/bin/perl5.14.4-nt 5.014004
Cycles: 6504
User-Time: 10.5
System-Time: 0.01
Real-Time: 10.528
CPU: 100%
Cycles-Per-Sec: 619
Empty-Cycles-Per-Sec: 23329004
Loop-Overhead: 0.0%
Adjusted-Used-Time: 10.5097212054145
Bench-Points: 95.15
