Date: 2016-11-01 23:33:34
Test: ./benchmarks/loop/while.t
Perl: /usr/local/bin/perl5.16.3-nt 5.016003
Cycles: 6504
User-Time: 10.81
System-Time: 0.01
Real-Time: 10.829
CPU: 100%
Cycles-Per-Sec: 601
Empty-Cycles-Per-Sec: 22757682
Loop-Overhead: 0.0%
Adjusted-Used-Time: 10.8197142063941
Bench-Points: 92.424
