Date: 2016-11-01 23:33:45
Test: ./benchmarks/loop/while.t
Perl: /usr/local/bin/perl5.18.4-nt 5.018004
Cycles: 6504
User-Time: 10.28
System-Time: 0
Real-Time: 10.290
CPU: 100%
Cycles-Per-Sec: 633
Empty-Cycles-Per-Sec: 24627350
Loop-Overhead: 0.0%
Adjusted-Used-Time: 10.2797359033757
Bench-Points: 97.279
