Date: 2016-11-01 23:33:55
Test: ./benchmarks/loop/while.t
Perl: /usr/local/bin/perl5.20.3-nt 5.020003
Cycles: 6504
User-Time: 11.34
System-Time: 0.01
Real-Time: 11.368
CPU: 100%
Cycles-Per-Sec: 573
Empty-Cycles-Per-Sec: 22832236
Loop-Overhead: 0.0%
Adjusted-Used-Time: 11.3497151395947
Bench-Points: 88.108
