Date: 2016-11-01 23:34:15
Test: ./benchmarks/loop/while.t
Perl: /usr/local/bin/perl5.22.2-nt 5.022002
Cycles: 6504
User-Time: 11.86
System-Time: 0.05
Real-Time: 12.074
CPU: 99%
Cycles-Per-Sec: 546
Empty-Cycles-Per-Sec: 23231800
Loop-Overhead: 0.0%
Adjusted-Used-Time: 11.9097200389122
Bench-Points: 83.965
