Date: 2016-11-01 23:34:07
Test: ./benchmarks/loop/while.t
Perl: /usr/local/bin/cperl5.22.2-nt 5.022002
Cycles: 6504
User-Time: 8.69
System-Time: 0.01
Real-Time: 8.708
CPU: 100%
Cycles-Per-Sec: 748
Empty-Cycles-Per-Sec: 25861002
Loop-Overhead: 0.0%
Adjusted-Used-Time: 8.69974850162418
Bench-Points: 114.95
