Date: 2016-11-01 23:34:36
Test: ./benchmarks/loop/while.t
Perl: /usr/local/bin/perl5.24.0-nt 5.024000
Cycles: 6504
User-Time: 8.57
System-Time: 0.01
Real-Time: 8.615
CPU: 100%
Cycles-Per-Sec: 758
Empty-Cycles-Per-Sec: 25413090
Loop-Overhead: 0.0%
Adjusted-Used-Time: 8.57974406890307
Bench-Points: 116.55
