Date: 2016-11-01 23:34:27
Test: ./benchmarks/loop/while.t
Perl: /usr/local/bin/cperl5.24.0-nt 5.024000
Cycles: 6504
User-Time: 8.92
System-Time: 0.03
Real-Time: 8.998
CPU: 99%
Cycles-Per-Sec: 727
Empty-Cycles-Per-Sec: 26250621
Loop-Overhead: 0.0%
Adjusted-Used-Time: 8.94975223443285
Bench-Points: 111.73
