Date: 2016-11-01 23:34:45
Test: ./benchmarks/loop/while.t
Perl: /usr/local/bin/cperl5.25.2-nt 5.025002
Cycles: 6504
User-Time: 8.43
System-Time: 0
Real-Time: 8.453
CPU: 100%
Cycles-Per-Sec: 772
Empty-Cycles-Per-Sec: 25413090
Loop-Overhead: 0.0%
Adjusted-Used-Time: 8.42974406890307
Bench-Points: 118.63
