Date: 2016-11-01 23:34:53
Test: ./benchmarks/loop/while.t
Perl: /usr/local/bin/perl5.25.3-nt 5.025003
Cycles: 6504
User-Time: 8.39
System-Time: 0.01
Real-Time: 8.407
CPU: 100%
Cycles-Per-Sec: 774
Empty-Cycles-Per-Sec: 25765397
Loop-Overhead: 0.0%
Adjusted-Used-Time: 8.39974756841511
Bench-Points: 119.05
