Date: 2016-11-01 23:32:51
Test: ./benchmarks/loop/while.t
Perl: /usr/local/bin/perl5.8.8-nt 5.008008
Cycles: 6504
User-Time: 10.59
System-Time: 0.01
Real-Time: 10.612
CPU: 100%
Cycles-Per-Sec: 614
Empty-Cycles-Per-Sec: 23135402
Loop-Overhead: 0.0%
Adjusted-Used-Time: 10.5997188724017
Bench-Points: 94.342
