Date: 2016-11-01 22:48:23
Test: ./benchmarks/array/sort.t
Perl: /usr/local/bin/perl5.10.1-nt 5.010001
Cycles: 139390
User-Time: 25.68
System-Time: 0.11
Real-Time: 25.916
CPU: 100%
Cycles-Per-Sec: 5405
Empty-Cycles-Per-Sec: 22555146
Loop-Overhead: 0.0%
Adjusted-Used-Time: 25.7838200355697
Bench-Points: 38.784
