Date: 2016-11-01 22:48:49
Test: ./benchmarks/array/sort.t
Perl: /usr/local/bin/perl5.12.5-nt 5.012005
Cycles: 139390
User-Time: 25.42
System-Time: 0.04
Real-Time: 25.504
CPU: 100%
Cycles-Per-Sec: 5475
Empty-Cycles-Per-Sec: 21297296
Loop-Overhead: 0.0%
Adjusted-Used-Time: 25.4534550376724
Bench-Points: 39.287
