Date: 2018-09-08 19:54:16
Test: /usr/local/lib/perl5/site_perl/5.26.1/PerlBench/benchmarks/array/sort.t
Perl: /usr/local/bin/perl5.14.4-nt 5.014004
Cycles: 164862
User-Time: 18.48
System-Time: 0
Real-Time: 18.480
CPU: 100%
Cycles-Per-Sec: 8921
Empty-Cycles-Per-Sec: 16511042
Loop-Overhead: 0.1%
Adjusted-Used-Time: 18.4700150456888
Bench-Points: 54.142
