Date: 2019-06-14 10:23:29
Test: /usr/local/lib/perl5/site_perl/5.30.0/PerlBench/benchmarks/array/sort.t
Perl: /usr/local/bin/perl5.14.4-nt@g 5.014004
Cycles: 174176
User-Time: 20.82
System-Time: 0
Real-Time: 20.823
CPU: 100%
Cycles-Per-Sec: 8366
Empty-Cycles-Per-Sec: 28115666
Loop-Overhead: 0.0%
Adjusted-Used-Time: 20.813805019593
Bench-Points: 48.045
