Date: 2016-11-01 22:49:14
Test: ./benchmarks/array/sort.t
Perl: /usr/local/bin/perl5.14.4-nt 5.014004
Cycles: 139390
User-Time: 18.66
System-Time: 0.02
Real-Time: 18.712
CPU: 100%
Cycles-Per-Sec: 7462
Empty-Cycles-Per-Sec: 23329004
Loop-Overhead: 0.0%
Adjusted-Used-Time: 18.6740250342449
Bench-Points: 53.55
