Date: 2016-11-01 22:49:33
Test: ./benchmarks/array/sort.t
Perl: /usr/local/bin/perl5.16.3-nt 5.016003
Cycles: 139390
User-Time: 18.9
System-Time: 0.04
Real-Time: 18.991
CPU: 100%
Cycles-Per-Sec: 7360
Empty-Cycles-Per-Sec: 22757682
Loop-Overhead: 0.0%
Adjusted-Used-Time: 18.9338750352518
Bench-Points: 52.815
