Date: 2016-11-01 22:49:52
Test: ./benchmarks/array/sort.t
Perl: /usr/local/bin/perl5.18.4-nt 5.018004
Cycles: 139390
User-Time: 18.8
System-Time: 0.1
Real-Time: 19.017
CPU: 99%
Cycles-Per-Sec: 7375
Empty-Cycles-Per-Sec: 24627350
Loop-Overhead: 0.0%
Adjusted-Used-Time: 18.8943400325248
Bench-Points: 52.926
