Date: 2019-06-14 10:23:50
Test: /usr/local/lib/perl5/site_perl/5.30.0/PerlBench/benchmarks/array/sort.t
Perl: /usr/local/bin/perl5.18.4-nt 5.018004
Cycles: 174176
User-Time: 20.16
System-Time: 0
Real-Time: 20.167
CPU: 100%
Cycles-Per-Sec: 8640
Empty-Cycles-Per-Sec: 30108306
Loop-Overhead: 0.0%
Adjusted-Used-Time: 20.1542150182744
Bench-Points: 49.617
