Date: 2016-11-01 22:50:11
Test: ./benchmarks/array/sort.t
Perl: /usr/local/bin/perl5.20.3-nt 5.020003
Cycles: 139390
User-Time: 13.03
System-Time: 0.06
Real-Time: 13.170
CPU: 99%
Cycles-Per-Sec: 10649
Empty-Cycles-Per-Sec: 22832236
Loop-Overhead: 0.0%
Adjusted-Used-Time: 13.0838950350723
Bench-Points: 76.43
