Date: 2016-11-01 22:50:24
Test: ./benchmarks/array/sort.t
Perl: /usr/local/bin/cperl5.22.2-nt 5.022002
Cycles: 139390
User-Time: 9.74
System-Time: 0.03
Real-Time: 9.818
CPU: 100%
Cycles-Per-Sec: 14267
Empty-Cycles-Per-Sec: 25861002
Loop-Overhead: 0.1%
Adjusted-Used-Time: 9.76461003096477
Bench-Points: 102.41
