Date: 2016-11-01 22:50:34
Test: ./benchmarks/array/sort.t
Perl: /usr/local/bin/perl5.22.2-nt 5.022002
Cycles: 139390
User-Time: 10.33
System-Time: 0.03
Real-Time: 10.398
CPU: 100%
Cycles-Per-Sec: 13455
Empty-Cycles-Per-Sec: 23231800
Loop-Overhead: 0.1%
Adjusted-Used-Time: 10.3540000344356
Bench-Points: 96.581
