Date: 2019-06-14 10:24:10
Test: /usr/local/lib/perl5/site_perl/5.30.0/PerlBench/benchmarks/array/sort.t
Perl: /usr/local/bin/perl5.22.4-nt 5.022004
Cycles: 174176
User-Time: 14.82
System-Time: 0
Real-Time: 14.826
CPU: 100%
Cycles-Per-Sec: 11753
Empty-Cycles-Per-Sec: 29496452
Loop-Overhead: 0.0%
Adjusted-Used-Time: 14.8140950186144
Bench-Points: 67.503
