Date: 2019-06-14 10:24:25
Test: /usr/local/lib/perl5/site_perl/5.30.0/PerlBench/benchmarks/array/sort.t
Perl: /usr/local/bin/cperl5.22.5-nt 5.022005
Cycles: 174176
User-Time: 15.1
System-Time: 0
Real-Time: 15.100
CPU: 100%
Cycles-Per-Sec: 11535
Empty-Cycles-Per-Sec: 32284810
Loop-Overhead: 0.0%
Adjusted-Used-Time: 15.0946050170343
Bench-Points: 66.249
