Date: 2018-09-08 19:54:50
Test: /usr/local/lib/perl5/site_perl/5.26.1/PerlBench/benchmarks/array/sort.t
Perl: /usr/local/bin/cperl5.22.5-nt 5.022005
Cycles: 164862
User-Time: 14.27
System-Time: 0
Real-Time: 14.289
CPU: 100%
Cycles-Per-Sec: 11553
Empty-Cycles-Per-Sec: 29439777
Loop-Overhead: 0.0%
Adjusted-Used-Time: 14.2644000255165
Bench-Points: 70.105
