Date: 2018-09-08 19:54:35
Test: /usr/local/lib/perl5/site_perl/5.26.1/PerlBench/benchmarks/array/sort.t
Perl: /usr/local/bin/perl5.22.3-nt 5.022003
Cycles: 164862
User-Time: 15.23
System-Time: 0
Real-Time: 15.234
CPU: 100%
Cycles-Per-Sec: 10825
Empty-Cycles-Per-Sec: 20166697
Loop-Overhead: 0.1%
Adjusted-Used-Time: 15.2218250370896
Bench-Points: 65.695
