Date: 2016-11-01 22:50:45
Test: ./benchmarks/array/sort.t
Perl: /usr/local/bin/cperl5.24.0-nt 5.024000
Cycles: 139390
User-Time: 9.71
System-Time: 0.01
Real-Time: 9.727
CPU: 100%
Cycles-Per-Sec: 14341
Empty-Cycles-Per-Sec: 26250621
Loop-Overhead: 0.1%
Adjusted-Used-Time: 9.71469003038061
Bench-Points: 102.94
