Date: 2018-09-08 19:55:20
Test: /usr/local/lib/perl5/site_perl/5.26.1/PerlBench/benchmarks/array/sort.t
Perl: /usr/local/bin/cperl5.24.3-nt 5.024003
Cycles: 164862
User-Time: 15.86
System-Time: 0
Real-Time: 15.860
CPU: 100%
Cycles-Per-Sec: 10395
Empty-Cycles-Per-Sec: 29785501
Loop-Overhead: 0.0%
Adjusted-Used-Time: 15.8544650251141
Bench-Points: 63.074
