Date: 2019-06-14 10:24:40
Test: /usr/local/lib/perl5/site_perl/5.30.0/PerlBench/benchmarks/array/sort.t
Perl: /usr/local/bin/perl5.24.4-nt 5.024004
Cycles: 174176
User-Time: 15.45
System-Time: 0
Real-Time: 15.451
CPU: 100%
Cycles-Per-Sec: 11274
Empty-Cycles-Per-Sec: 22768176
Loop-Overhead: 0.0%
Adjusted-Used-Time: 15.4423500239984
Bench-Points: 64.757
