Date: 2019-06-14 10:24:55
Test: /usr/local/lib/perl5/site_perl/5.30.0/PerlBench/benchmarks/array/sort.t
Perl: /usr/local/bin/cperl5.24.4-nt 5.024004
Cycles: 174176
User-Time: 15.07
System-Time: 0
Real-Time: 15.085
CPU: 100%
Cycles-Per-Sec: 11558
Empty-Cycles-Per-Sec: 32435112
Loop-Overhead: 0.0%
Adjusted-Used-Time: 15.0646300170013
Bench-Points: 66.381
