Date: 2018-09-08 19:55:04
Test: /usr/local/lib/perl5/site_perl/5.26.1/PerlBench/benchmarks/array/sort.t
Perl: /usr/local/bin/perl5.24.3-nt 5.024003
Cycles: 164862
User-Time: 15.61
System-Time: 0
Real-Time: 15.610
CPU: 100%
Cycles-Per-Sec: 10561
Empty-Cycles-Per-Sec: 22339126
Loop-Overhead: 0.0%
Adjusted-Used-Time: 15.602620033568
Bench-Points: 64.092
