Date: 2016-11-01 22:50:54
Test: ./benchmarks/array/sort.t
Perl: /usr/local/bin/perl5.24.0-nt 5.024000
Cycles: 139390
User-Time: 10.17
System-Time: 0.01
Real-Time: 10.182
CPU: 100%
Cycles-Per-Sec: 13693
Empty-Cycles-Per-Sec: 25413090
Loop-Overhead: 0.1%
Adjusted-Used-Time: 10.1745150314267
Bench-Points: 98.285
