Date: 2016-11-01 22:51:05
Test: ./benchmarks/array/sort.t
Perl: /usr/local/bin/cperl5.25.2-nt 5.025002
Cycles: 139390
User-Time: 9.65
System-Time: 0
Real-Time: 9.665
CPU: 100%
Cycles-Per-Sec: 14445
Empty-Cycles-Per-Sec: 25413090
Loop-Overhead: 0.1%
Adjusted-Used-Time: 9.64451503142672
Bench-Points: 103.69
