Date: 2016-11-01 22:51:14
Test: ./benchmarks/array/sort.t
Perl: /usr/local/bin/perl5.25.3-nt 5.025003
Cycles: 139390
User-Time: 9.8
System-Time: 0.01
Real-Time: 9.823
CPU: 100%
Cycles-Per-Sec: 14209
Empty-Cycles-Per-Sec: 25765397
Loop-Overhead: 0.1%
Adjusted-Used-Time: 9.80459003096285
Bench-Points: 101.99
