Date: 2018-09-08 19:55:36
Test: /usr/local/lib/perl5/site_perl/5.26.1/PerlBench/benchmarks/array/sort.t
Perl: /usr/local/bin/perl5.26.2-nt 5.026002
Cycles: 164862
User-Time: 14.17
System-Time: 0
Real-Time: 14.169
CPU: 100%
Cycles-Per-Sec: 11635
Empty-Cycles-Per-Sec: 32710863
Loop-Overhead: 0.0%
Adjusted-Used-Time: 14.1649600229135
Bench-Points: 70.597
