Date: 2019-06-14 10:25:10
Test: /usr/local/lib/perl5/site_perl/5.30.0/PerlBench/benchmarks/array/sort.t
Perl: /usr/local/bin/perl5.26.3-nt 5.026003
Cycles: 174176
User-Time: 15.04
System-Time: 0
Real-Time: 15.043
CPU: 100%
Cycles-Per-Sec: 11581
Empty-Cycles-Per-Sec: 32254917
Loop-Overhead: 0.0%
Adjusted-Used-Time: 15.0346000171075
Bench-Points: 66.513
