Date: 2019-06-14 10:25:26
Test: /usr/local/lib/perl5/site_perl/5.30.0/PerlBench/benchmarks/array/sort.t
Perl: /usr/local/bin/cperl5.26.5-nt 5.026005
Cycles: 174176
User-Time: 14.09
System-Time: 0
Real-Time: 14.090
CPU: 100%
Cycles-Per-Sec: 12362
Empty-Cycles-Per-Sec: 22005881
Loop-Overhead: 0.1%
Adjusted-Used-Time: 14.0820850249077
Bench-Points: 71.012
