Date: 2018-09-08 19:55:50
Test: /usr/local/lib/perl5/site_perl/5.26.1/PerlBench/benchmarks/array/sort.t
Perl: /usr/local/bin/cperl5.26.2-nt 5.026002
Cycles: 164862
User-Time: 15.08
System-Time: 0
Real-Time: 15.078
CPU: 100%
Cycles-Per-Sec: 10932
Empty-Cycles-Per-Sec: 27340423
Loop-Overhead: 0.0%
Adjusted-Used-Time: 15.0739700274571
Bench-Points: 66.34
