Date: 2018-09-08 19:56:19
Test: /usr/local/lib/perl5/site_perl/5.26.1/PerlBench/benchmarks/array/sort.t
Perl: /usr/local/bin/cperl5.28.0-nt 5.028000
Cycles: 164862
User-Time: 13.86
System-Time: 0
Real-Time: 13.854
CPU: 100%
Cycles-Per-Sec: 11895
Empty-Cycles-Per-Sec: 23302155
Loop-Overhead: 0.1%
Adjusted-Used-Time: 13.852925032041
Bench-Points: 72.187
