Date: 2018-09-08 19:56:05
Test: /usr/local/lib/perl5/site_perl/5.26.1/PerlBench/benchmarks/array/sort.t
Perl: /usr/local/bin/perl5.28.0-nt 5.028000
Cycles: 164862
User-Time: 14.02
System-Time: 0
Real-Time: 14.032
CPU: 100%
Cycles-Per-Sec: 11759
Empty-Cycles-Per-Sec: 29179248
Loop-Overhead: 0.0%
Adjusted-Used-Time: 14.0143500257443
Bench-Points: 71.355
