Date: 2019-06-14 10:25:40
Test: /usr/local/lib/perl5/site_perl/5.30.0/PerlBench/benchmarks/array/sort.t
Perl: /usr/local/bin/perl5.28.2-nt 5.028002
Cycles: 174176
User-Time: 14.72
System-Time: 0
Real-Time: 14.722
CPU: 100%
Cycles-Per-Sec: 11833
Empty-Cycles-Per-Sec: 22358992
Loop-Overhead: 0.1%
Adjusted-Used-Time: 14.7122100244948
Bench-Points: 67.971
