Date: 2019-06-14 10:25:54
Test: /usr/local/lib/perl5/site_perl/5.30.0/PerlBench/benchmarks/array/sort.t
Perl: /usr/local/bin/cperl5.28.2-nt 5.028002
Cycles: 174176
User-Time: 13.35
System-Time: 0
Real-Time: 13.346
CPU: 100%
Cycles-Per-Sec: 13047
Empty-Cycles-Per-Sec: 22738453
Loop-Overhead: 0.1%
Adjusted-Used-Time: 13.3423400241872
Bench-Points: 74.949
