Date: 2019-06-14 10:26:08
Test: /usr/local/lib/perl5/site_perl/5.30.0/PerlBench/benchmarks/array/sort.t
Perl: /usr/local/bin/perl5.30.0-nt 5.030000
Cycles: 174176
User-Time: 14.63
System-Time: 0
Real-Time: 14.632
CPU: 100%
Cycles-Per-Sec: 11905
Empty-Cycles-Per-Sec: 31900467
Loop-Overhead: 0.0%
Adjusted-Used-Time: 14.6245400172355
Bench-Points: 68.378
