Date: 2019-06-14 10:26:22
Test: /usr/local/lib/perl5/site_perl/5.30.0/PerlBench/benchmarks/array/sort.t
Perl: /usr/local/bin/cperl5.30.0-nt 5.030000
Cycles: 174176
User-Time: 12.25
System-Time: 0
Real-Time: 12.259
CPU: 100%
Cycles-Per-Sec: 14218
Empty-Cycles-Per-Sec: 33463314
Loop-Overhead: 0.0%
Adjusted-Used-Time: 12.2447950164171
Bench-Points: 81.667
