Date: 2016-11-01 22:48:08
Test: ./benchmarks/array/sort.t
Perl: /usr/local/bin/perl5.8.8-nt 5.008008
Cycles: 139390
User-Time: 15.13
System-Time: 0.06
Real-Time: 15.264
CPU: 100%
Cycles-Per-Sec: 9176
Empty-Cycles-Per-Sec: 23135402
Loop-Overhead: 0.0%
Adjusted-Used-Time: 15.1839750344515
Bench-Points: 65.859
