Date: 2019-06-14 10:23:08
Test: /usr/local/lib/perl5/site_perl/5.30.0/PerlBench/benchmarks/array/sort.t
Perl: /usr/local/bin/perl5.8.9-nt 5.008009
Cycles: 174176
User-Time: 21.3
System-Time: 0
Real-Time: 21.298
CPU: 100%
Cycles-Per-Sec: 8177
Empty-Cycles-Per-Sec: 20527584
Loop-Overhead: 0.0%
Adjusted-Used-Time: 21.2915150268049
Bench-Points: 46.967
