Date: 2016-11-01 23:56:56
Test: ./benchmarks/string/tr.t
Perl: /usr/local/bin/perl5.10.1-nt 5.010001
Cycles: 7434176
User-Time: 7.99
System-Time: 0
Real-Time: 8.001
CPU: 100%
Cycles-Per-Sec: 930435
Empty-Cycles-Per-Sec: 22555146
Loop-Overhead: 4.1%
Adjusted-Used-Time: 7.66040000539123
Bench-Points: 130.54
