Date: 2016-11-01 23:57:04
Test: ./benchmarks/string/tr.t
Perl: /usr/local/bin/perl5.12.5-nt 5.012005
Cycles: 7434176
User-Time: 8.12
System-Time: 0.01
Real-Time: 8.137
CPU: 100%
Cycles-Per-Sec: 914413
Empty-Cycles-Per-Sec: 21297296
Loop-Overhead: 4.3%
Adjusted-Used-Time: 7.78093333914315
Bench-Points: 128.52
