Date: 2018-09-08 20:48:24
Test: /usr/local/lib/perl5/site_perl/5.26.1/PerlBench/benchmarks/string/tr.t
Perl: /usr/local/bin/perl5.14.4-nt 5.014004
Cycles: 8792680
User-Time: 13.21
System-Time: 0
Real-Time: 13.202
CPU: 100%
Cycles-Per-Sec: 665608
Empty-Cycles-Per-Sec: 16511042
Loop-Overhead: 4.0%
Adjusted-Used-Time: 12.6774666807825
Bench-Points: 78.88
