Date: 2019-06-14 11:50:23
Test: /usr/local/lib/perl5/site_perl/5.30.0/PerlBench/benchmarks/string/tr.t
Perl: /usr/local/bin/perl5.14.4-nt@g 5.014004
Cycles: 9289416
User-Time: 11.6
System-Time: 0
Real-Time: 11.593
CPU: 100%
Cycles-Per-Sec: 800812
Empty-Cycles-Per-Sec: 28115666
Loop-Overhead: 2.8%
Adjusted-Used-Time: 11.2696000016503
Bench-Points: 88.734
