Date: 2016-11-01 23:57:12
Test: ./benchmarks/string/tr.t
Perl: /usr/local/bin/perl5.14.4-nt 5.014004
Cycles: 7434176
User-Time: 8.06
System-Time: 0
Real-Time: 8.071
CPU: 100%
Cycles-Per-Sec: 922354
Empty-Cycles-Per-Sec: 23329004
Loop-Overhead: 4.0%
Adjusted-Used-Time: 7.74133333081858
Bench-Points: 129.18
