Date: 2016-11-01 23:57:20
Test: ./benchmarks/string/tr.t
Perl: /usr/local/bin/perl5.16.3-nt 5.016003
Cycles: 7434176
User-Time: 8.2
System-Time: 0.01
Real-Time: 8.215
CPU: 100%
Cycles-Per-Sec: 905503
Empty-Cycles-Per-Sec: 22757682
Loop-Overhead: 4.0%
Adjusted-Used-Time: 7.88333333860628
Bench-Points: 126.85
