Date: 2019-06-14 11:50:35
Test: /usr/local/lib/perl5/site_perl/5.30.0/PerlBench/benchmarks/string/tr.t
Perl: /usr/local/bin/perl5.18.4-nt 5.018004
Cycles: 9289416
User-Time: 10.56
System-Time: 0
Real-Time: 10.556
CPU: 100%
Cycles-Per-Sec: 879680
Empty-Cycles-Per-Sec: 30108306
Loop-Overhead: 2.9%
Adjusted-Used-Time: 10.2514666670387
Bench-Points: 97.547
