Date: 2016-11-01 23:57:28
Test: ./benchmarks/string/tr.t
Perl: /usr/local/bin/perl5.18.4-nt 5.018004
Cycles: 7434176
User-Time: 8.03
System-Time: 0
Real-Time: 8.041
CPU: 100%
Cycles-Per-Sec: 925800
Empty-Cycles-Per-Sec: 24627350
Loop-Overhead: 3.8%
Adjusted-Used-Time: 7.72813333549895
Bench-Points: 129.4
