Date: 2016-11-01 23:57:36
Test: ./benchmarks/string/tr.t
Perl: /usr/local/bin/perl5.20.3-nt 5.020003
Cycles: 7434176
User-Time: 7.42
System-Time: 0
Real-Time: 7.429
CPU: 100%
Cycles-Per-Sec: 1001911
Empty-Cycles-Per-Sec: 22832236
Loop-Overhead: 4.4%
Adjusted-Used-Time: 7.09440000182199
Bench-Points: 140.96
