Date: 2018-09-08 20:48:51
Test: /usr/local/lib/perl5/site_perl/5.26.1/PerlBench/benchmarks/string/tr.t
Perl: /usr/local/bin/cperl5.22.5-nt 5.022005
Cycles: 8792680
User-Time: 10.79
System-Time: 0
Real-Time: 10.788
CPU: 100%
Cycles-Per-Sec: 814892
Empty-Cycles-Per-Sec: 29439777
Loop-Overhead: 2.8%
Adjusted-Used-Time: 10.4913333355073
Bench-Points: 95.317
