Date: 2016-11-01 23:57:43
Test: ./benchmarks/string/tr.t
Perl: /usr/local/bin/cperl5.22.2-nt 5.022002
Cycles: 7434176
User-Time: 8.15
System-Time: 0.02
Real-Time: 8.223
CPU: 99%
Cycles-Per-Sec: 909936
Empty-Cycles-Per-Sec: 25861002
Loop-Overhead: 3.5%
Adjusted-Used-Time: 7.88253333494193
Bench-Points: 126.86
