Date: 2019-06-14 11:50:57
Test: /usr/local/lib/perl5/site_perl/5.30.0/PerlBench/benchmarks/string/tr.t
Perl: /usr/local/bin/cperl5.22.5-nt 5.022005
Cycles: 9289416
User-Time: 10.42
System-Time: 0
Real-Time: 10.422
CPU: 100%
Cycles-Per-Sec: 891499
Empty-Cycles-Per-Sec: 32284810
Loop-Overhead: 2.8%
Adjusted-Used-Time: 10.1322666665841
Bench-Points: 98.695
