Date: 2018-09-08 20:48:38
Test: /usr/local/lib/perl5/site_perl/5.26.1/PerlBench/benchmarks/string/tr.t
Perl: /usr/local/bin/perl5.22.3-nt 5.022003
Cycles: 8792680
User-Time: 12.85
System-Time: 0
Real-Time: 12.848
CPU: 100%
Cycles-Per-Sec: 684255
Empty-Cycles-Per-Sec: 20166697
Loop-Overhead: 3.4%
Adjusted-Used-Time: 12.4139999946446
Bench-Points: 80.554
