Date: 2019-06-14 11:50:45
Test: /usr/local/lib/perl5/site_perl/5.30.0/PerlBench/benchmarks/string/tr.t
Perl: /usr/local/bin/perl5.22.4-nt 5.022004
Cycles: 9289416
User-Time: 12.08
System-Time: 0
Real-Time: 12.084
CPU: 100%
Cycles-Per-Sec: 768991
Empty-Cycles-Per-Sec: 29496452
Loop-Overhead: 2.6%
Adjusted-Used-Time: 11.765066664967
Bench-Points: 84.997
