Date: 2016-11-01 23:57:59
Test: ./benchmarks/string/tr.t
Perl: /usr/local/bin/cperl5.24.0-nt 5.024000
Cycles: 7434176
User-Time: 8.04
System-Time: 0.02
Real-Time: 8.112
CPU: 99%
Cycles-Per-Sec: 922354
Empty-Cycles-Per-Sec: 26250621
Loop-Overhead: 3.5%
Adjusted-Used-Time: 7.77679999494107
Bench-Points: 128.59
