Date: 2018-09-08 20:49:01
Test: /usr/local/lib/perl5/site_perl/5.26.1/PerlBench/benchmarks/string/tr.t
Perl: /usr/local/bin/perl5.24.3-nt 5.024003
Cycles: 8792680
User-Time: 10.45
System-Time: 0
Real-Time: 10.446
CPU: 100%
Cycles-Per-Sec: 841405
Empty-Cycles-Per-Sec: 22339126
Loop-Overhead: 3.8%
Adjusted-Used-Time: 10.0563999997135
Bench-Points: 99.439
