Date: 2019-06-14 11:51:20
Test: /usr/local/lib/perl5/site_perl/5.30.0/PerlBench/benchmarks/string/tr.t
Perl: /usr/local/bin/cperl5.24.4-nt 5.024004
Cycles: 9289416
User-Time: 11.76
System-Time: 0
Real-Time: 11.754
CPU: 100%
Cycles-Per-Sec: 789916
Empty-Cycles-Per-Sec: 32435112
Loop-Overhead: 2.4%
Adjusted-Used-Time: 11.4736000023678
Bench-Points: 87.157
