Date: 2016-11-01 23:58:07
Test: ./benchmarks/string/tr.t
Perl: /usr/local/bin/perl5.24.0-nt 5.024000
Cycles: 7434176
User-Time: 8.03
System-Time: 0.01
Real-Time: 8.072
CPU: 100%
Cycles-Per-Sec: 924649
Empty-Cycles-Per-Sec: 25413090
Loop-Overhead: 3.6%
Adjusted-Used-Time: 7.74746666383348
Bench-Points: 129.07
