Date: 2018-09-08 20:49:12
Test: /usr/local/lib/perl5/site_perl/5.26.1/PerlBench/benchmarks/string/tr.t
Perl: /usr/local/bin/cperl5.24.3-nt 5.024003
Cycles: 8792680
User-Time: 10.46
System-Time: 0
Real-Time: 10.462
CPU: 100%
Cycles-Per-Sec: 840600
Empty-Cycles-Per-Sec: 29785501
Loop-Overhead: 2.8%
Adjusted-Used-Time: 10.1647999964815
Bench-Points: 98.379
