Date: 2019-06-14 11:51:08
Test: /usr/local/lib/perl5/site_perl/5.30.0/PerlBench/benchmarks/string/tr.t
Perl: /usr/local/bin/perl5.24.4-nt 5.024004
Cycles: 9289416
User-Time: 11.95
System-Time: 0
Real-Time: 11.952
CPU: 100%
Cycles-Per-Sec: 777357
Empty-Cycles-Per-Sec: 22768176
Loop-Overhead: 3.4%
Adjusted-Used-Time: 11.5419999915672
Bench-Points: 86.64
