Date: 2016-11-01 23:58:15
Test: ./benchmarks/string/tr.t
Perl: /usr/local/bin/cperl5.25.2-nt 5.025002
Cycles: 7434176
User-Time: 8.06
System-Time: 0.02
Real-Time: 8.111
CPU: 100%
Cycles-Per-Sec: 920071
Empty-Cycles-Per-Sec: 25413090
Loop-Overhead: 3.6%
Adjusted-Used-Time: 7.78746666383348
Bench-Points: 128.41
