Date: 2016-11-01 23:58:24
Test: ./benchmarks/string/tr.t
Perl: /usr/local/bin/perl5.25.3-nt 5.025003
Cycles: 7434176
User-Time: 7.21
System-Time: 0
Real-Time: 7.213
CPU: 100%
Cycles-Per-Sec: 1031092
Empty-Cycles-Per-Sec: 25765397
Loop-Overhead: 4.0%
Adjusted-Used-Time: 6.92146666205066
Bench-Points: 144.48
