Date: 2018-09-08 20:49:22
Test: /usr/local/lib/perl5/site_perl/5.26.1/PerlBench/benchmarks/string/tr.t
Perl: /usr/local/bin/perl5.26.2-nt 5.026002
Cycles: 8792680
User-Time: 12.29
System-Time: 0
Real-Time: 12.292
CPU: 100%
Cycles-Per-Sec: 715434
Empty-Cycles-Per-Sec: 32710863
Loop-Overhead: 2.2%
Adjusted-Used-Time: 12.0211999992174
Bench-Points: 83.186
