Date: 2018-09-08 20:49:35
Test: /usr/local/lib/perl5/site_perl/5.26.1/PerlBench/benchmarks/string/tr.t
Perl: /usr/local/bin/cperl5.26.2-nt 5.026002
Cycles: 8792680
User-Time: 9.85
System-Time: 0
Real-Time: 9.850
CPU: 100%
Cycles-Per-Sec: 892658
Empty-Cycles-Per-Sec: 27340423
Loop-Overhead: 3.3%
Adjusted-Used-Time: 9.52840000134599
Bench-Points: 104.95
