Date: 2019-06-14 11:51:31
Test: /usr/local/lib/perl5/site_perl/5.30.0/PerlBench/benchmarks/string/tr.t
Perl: /usr/local/bin/perl5.26.3-nt 5.026003
Cycles: 9289416
User-Time: 11.74
System-Time: 0
Real-Time: 11.739
CPU: 100%
Cycles-Per-Sec: 791262
Empty-Cycles-Per-Sec: 32254917
Loop-Overhead: 2.5%
Adjusted-Used-Time: 11.4520000029763
Bench-Points: 87.321
