Date: 2019-06-14 11:51:43
Test: /usr/local/lib/perl5/site_perl/5.30.0/PerlBench/benchmarks/string/tr.t
Perl: /usr/local/bin/cperl5.26.5-nt 5.026005
Cycles: 9289416
User-Time: 12.17
System-Time: 0
Real-Time: 12.168
CPU: 100%
Cycles-Per-Sec: 763305
Empty-Cycles-Per-Sec: 22005881
Loop-Overhead: 3.5%
Adjusted-Used-Time: 11.7478666620982
Bench-Points: 85.122
