Date: 2018-09-08 20:49:56
Test: /usr/local/lib/perl5/site_perl/5.26.1/PerlBench/benchmarks/string/tr.t
Perl: /usr/local/bin/cperl5.28.0-nt 5.028000
Cycles: 8792680
User-Time: 11.39
System-Time: 0
Real-Time: 11.390
CPU: 100%
Cycles-Per-Sec: 771965
Empty-Cycles-Per-Sec: 23302155
Loop-Overhead: 3.3%
Adjusted-Used-Time: 11.0126666589421
Bench-Points: 90.805
