Date: 2019-06-14 11:51:55
Test: /usr/local/lib/perl5/site_perl/5.30.0/PerlBench/benchmarks/string/tr.t
Perl: /usr/local/bin/perl5.28.2-nt 5.028002
Cycles: 9289416
User-Time: 11.89
System-Time: 0
Real-Time: 11.891
CPU: 100%
Cycles-Per-Sec: 781280
Empty-Cycles-Per-Sec: 22358992
Loop-Overhead: 3.5%
Adjusted-Used-Time: 11.4745333277994
Bench-Points: 87.15
