Date: 2019-06-14 11:52:07
Test: /usr/local/lib/perl5/site_perl/5.30.0/PerlBench/benchmarks/string/tr.t
Perl: /usr/local/bin/cperl5.28.2-nt 5.028002
Cycles: 9289416
User-Time: 11.64
System-Time: 0
Real-Time: 11.646
CPU: 100%
Cycles-Per-Sec: 798060
Empty-Cycles-Per-Sec: 22738453
Loop-Overhead: 3.5%
Adjusted-Used-Time: 11.2314666666198
Bench-Points: 89.036
