Date: 2018-09-08 20:49:44
Test: /usr/local/lib/perl5/site_perl/5.26.1/PerlBench/benchmarks/string/tr.t
Perl: /usr/local/bin/perl5.28.0-nt 5.028000
Cycles: 8792680
User-Time: 11.94
System-Time: 0
Real-Time: 11.939
CPU: 100%
Cycles-Per-Sec: 736405
Empty-Cycles-Per-Sec: 29179248
Loop-Overhead: 2.5%
Adjusted-Used-Time: 11.63866666886
Bench-Points: 85.92
