Date: 2019-06-14 11:52:19
Test: /usr/local/lib/perl5/site_perl/5.30.0/PerlBench/benchmarks/string/tr.t
Perl: /usr/local/bin/perl5.30.0-nt 5.030000
Cycles: 9289416
User-Time: 12.18
System-Time: 0
Real-Time: 12.181
CPU: 100%
Cycles-Per-Sec: 762678
Empty-Cycles-Per-Sec: 31900467
Loop-Overhead: 2.4%
Adjusted-Used-Time: 11.8887999996991
Bench-Points: 84.113
