Date: 2019-06-14 11:52:31
Test: /usr/local/lib/perl5/site_perl/5.30.0/PerlBench/benchmarks/string/tr.t
Perl: /usr/local/bin/cperl5.30.0-nt 5.030000
Cycles: 9289416
User-Time: 11.05
System-Time: 0
Real-Time: 11.050
CPU: 100%
Cycles-Per-Sec: 840671
Empty-Cycles-Per-Sec: 33463314
Loop-Overhead: 2.5%
Adjusted-Used-Time: 10.7723999989959
Bench-Points: 92.83
