Date: 2019-06-14 11:50:00
Test: /usr/local/lib/perl5/site_perl/5.30.0/PerlBench/benchmarks/string/tr.t
Perl: /usr/local/bin/perl5.6.2-nt 5.006002
Cycles: 9289416
User-Time: 10.94
System-Time: 0
Real-Time: 11
CPU: 99%
Cycles-Per-Sec: 849124
Empty-Cycles-Per-Sec: 19256667
Loop-Overhead: 4.4%
Adjusted-Used-Time: 10.4576000083504
Bench-Points: 95.624
