Date: 2016-11-01 23:56:47
Test: ./benchmarks/string/tr.t
Perl: /usr/local/bin/perl5.8.8-nt 5.008008
Cycles: 7434176
User-Time: 8.43
System-Time: 0.01
Real-Time: 8.452
CPU: 100%
Cycles-Per-Sec: 880827
Empty-Cycles-Per-Sec: 23135402
Loop-Overhead: 3.8%
Adjusted-Used-Time: 8.11866665986612
Bench-Points: 123.17
