Date: 2019-06-14 11:50:11
Test: /usr/local/lib/perl5/site_perl/5.30.0/PerlBench/benchmarks/string/tr.t
Perl: /usr/local/bin/perl5.8.9-nt 5.008009
Cycles: 9289416
User-Time: 11.57
System-Time: 0
Real-Time: 11.573
CPU: 100%
Cycles-Per-Sec: 802888
Empty-Cycles-Per-Sec: 20527584
Loop-Overhead: 3.9%
Adjusted-Used-Time: 11.1174666672902
Bench-Points: 89.949
