Date: 2016-11-01 22:53:31
Test: ./benchmarks/call/1arg.t
Perl: /usr/local/bin/perl5.10.1-nt 5.010001
Cycles: 23231800
User-Time: 12.33
System-Time: 0.09
Real-Time: 13.119
CPU: 95%
Cycles-Per-Sec: 1870515
Empty-Cycles-Per-Sec: 22555146
Loop-Overhead: 8.3%
Adjusted-Used-Time: 11.3900000168476
Bench-Points: 87.796
