Date: 2016-11-01 22:53:45
Test: ./benchmarks/call/1arg.t
Perl: /usr/local/bin/perl5.12.5-nt 5.012005
Cycles: 23231800
User-Time: 11.44
System-Time: 0.07
Real-Time: 11.786
CPU: 98%
Cycles-Per-Sec: 2018401
Empty-Cycles-Per-Sec: 21297296
Loop-Overhead: 9.5%
Adjusted-Used-Time: 10.4191666848223
Bench-Points: 95.977
