Date: 2019-06-14 10:29:40
Test: /usr/local/lib/perl5/site_perl/5.30.0/PerlBench/benchmarks/call/1arg.t
Perl: /usr/local/bin/perl5.14.4-nt@g 5.014004
Cycles: 29029425
User-Time: 14.1
System-Time: 0
Real-Time: 14.095
CPU: 100%
Cycles-Per-Sec: 2058824
Empty-Cycles-Per-Sec: 28115666
Loop-Overhead: 7.3%
Adjusted-Used-Time: 13.0675000051573
Bench-Points: 76.526
