Date: 2018-09-08 19:58:06
Test: /usr/local/lib/perl5/site_perl/5.26.1/PerlBench/benchmarks/call/1arg.t
Perl: /usr/local/bin/perl5.14.4-nt 5.014004
Cycles: 27477125
User-Time: 14.7
System-Time: 0
Real-Time: 14.693
CPU: 100%
Cycles-Per-Sec: 1869192
Empty-Cycles-Per-Sec: 16511042
Loop-Overhead: 11.3%
Adjusted-Used-Time: 13.0358333774452
Bench-Points: 76.712
