Date: 2016-11-01 22:53:56
Test: ./benchmarks/call/1arg.t
Perl: /usr/local/bin/perl5.14.4-nt 5.014004
Cycles: 23231800
User-Time: 10.61
System-Time: 0.06
Real-Time: 10.741
CPU: 99%
Cycles-Per-Sec: 2177301
Empty-Cycles-Per-Sec: 23329004
Loop-Overhead: 9.3%
Adjusted-Used-Time: 9.67416665880807
Bench-Points: 103.37
