Date: 2016-11-01 22:54:07
Test: ./benchmarks/call/1arg.t
Perl: /usr/local/bin/perl5.16.3-nt 5.016003
Cycles: 23231800
User-Time: 11.22
System-Time: 0.09
Real-Time: 11.623
CPU: 97%
Cycles-Per-Sec: 2054094
Empty-Cycles-Per-Sec: 22757682
Loop-Overhead: 9.0%
Adjusted-Used-Time: 10.2891666831446
Bench-Points: 97.19
