Date: 2019-06-14 10:29:54
Test: /usr/local/lib/perl5/site_perl/5.30.0/PerlBench/benchmarks/call/1arg.t
Perl: /usr/local/bin/perl5.18.4-nt 5.018004
Cycles: 29029425
User-Time: 12.13
System-Time: 0
Real-Time: 12.137
CPU: 100%
Cycles-Per-Sec: 2393192
Empty-Cycles-Per-Sec: 30108306
Loop-Overhead: 7.9%
Adjusted-Used-Time: 11.1658333344958
Bench-Points: 89.559
