Date: 2016-11-01 22:54:19
Test: ./benchmarks/call/1arg.t
Perl: /usr/local/bin/perl5.18.4-nt 5.018004
Cycles: 23231800
User-Time: 10
System-Time: 0.03
Real-Time: 10.057
CPU: 100%
Cycles-Per-Sec: 2316231
Empty-Cycles-Per-Sec: 24627350
Loop-Overhead: 9.4%
Adjusted-Used-Time: 9.08666667343421
Bench-Points: 110.05
