Date: 2016-11-01 22:54:29
Test: ./benchmarks/call/1arg.t
Perl: /usr/local/bin/perl5.20.3-nt 5.020003
Cycles: 23231800
User-Time: 10.51
System-Time: 0.03
Real-Time: 10.577
CPU: 100%
Cycles-Per-Sec: 2204156
Empty-Cycles-Per-Sec: 22832236
Loop-Overhead: 9.7%
Adjusted-Used-Time: 9.5225000056937
Bench-Points: 105.01
