Date: 2018-09-08 19:58:34
Test: /usr/local/lib/perl5/site_perl/5.26.1/PerlBench/benchmarks/call/1arg.t
Perl: /usr/local/bin/cperl5.22.5-nt 5.022005
Cycles: 27477125
User-Time: 11.49
System-Time: 0
Real-Time: 11.487
CPU: 100%
Cycles-Per-Sec: 2391395
Empty-Cycles-Per-Sec: 29439777
Loop-Overhead: 8.1%
Adjusted-Used-Time: 10.5566666734602
Bench-Points: 94.727
