Date: 2018-09-08 19:58:21
Test: /usr/local/lib/perl5/site_perl/5.26.1/PerlBench/benchmarks/call/1arg.t
Perl: /usr/local/bin/perl5.22.3-nt 5.022003
Cycles: 27477125
User-Time: 12.52
System-Time: 0
Real-Time: 12.523
CPU: 100%
Cycles-Per-Sec: 2194659
Empty-Cycles-Per-Sec: 20166697
Loop-Overhead: 10.9%
Adjusted-Used-Time: 11.1574999832645
Bench-Points: 89.626
