Date: 2019-06-14 10:30:06
Test: /usr/local/lib/perl5/site_perl/5.30.0/PerlBench/benchmarks/call/1arg.t
Perl: /usr/local/bin/perl5.22.4-nt 5.022004
Cycles: 29029425
User-Time: 12.74
System-Time: 0
Real-Time: 12.742
CPU: 100%
Cycles-Per-Sec: 2278605
Empty-Cycles-Per-Sec: 29496452
Loop-Overhead: 7.7%
Adjusted-Used-Time: 11.755833328022
Bench-Points: 85.064
