Date: 2019-06-14 10:30:19
Test: /usr/local/lib/perl5/site_perl/5.30.0/PerlBench/benchmarks/call/1arg.t
Perl: /usr/local/bin/cperl5.22.5-nt 5.022005
Cycles: 29029425
User-Time: 12.81
System-Time: 0
Real-Time: 12.805
CPU: 100%
Cycles-Per-Sec: 2266153
Empty-Cycles-Per-Sec: 32284810
Loop-Overhead: 7.0%
Adjusted-Used-Time: 11.9108333330752
Bench-Points: 83.957
