Date: 2016-11-01 22:54:39
Test: ./benchmarks/call/1arg.t
Perl: /usr/local/bin/cperl5.22.2-nt 5.022002
Cycles: 23231800
User-Time: 9.84
System-Time: 0.02
Real-Time: 9.902
CPU: 100%
Cycles-Per-Sec: 2356166
Empty-Cycles-Per-Sec: 25861002
Loop-Overhead: 9.1%
Adjusted-Used-Time: 8.96166667169354
Bench-Points: 111.59
