Date: 2019-06-14 10:30:42
Test: /usr/local/lib/perl5/site_perl/5.30.0/PerlBench/benchmarks/call/1arg.t
Perl: /usr/local/bin/cperl5.24.4-nt 5.024004
Cycles: 29029425
User-Time: 8.68
System-Time: 0
Real-Time: 8.674
CPU: 100%
Cycles-Per-Sec: 3344404
Empty-Cycles-Per-Sec: 32435112
Loop-Overhead: 10.3%
Adjusted-Used-Time: 7.78500000739939
Bench-Points: 128.45
