Date: 2018-09-08 19:58:45
Test: /usr/local/lib/perl5/site_perl/5.26.1/PerlBench/benchmarks/call/1arg.t
Perl: /usr/local/bin/perl5.24.3-nt 5.024003
Cycles: 27477125
User-Time: 8.8
System-Time: 0
Real-Time: 8.793
CPU: 100%
Cycles-Per-Sec: 3122401
Empty-Cycles-Per-Sec: 22339126
Loop-Overhead: 14.0%
Adjusted-Used-Time: 7.56999999910471
Bench-Points: 132.1
