Date: 2016-11-01 22:55:07
Test: ./benchmarks/call/1arg.t
Perl: /usr/local/bin/perl5.24.0-nt 5.024000
Cycles: 23231800
User-Time: 7.53
System-Time: 0.02
Real-Time: 7.580
CPU: 100%
Cycles-Per-Sec: 3077060
Empty-Cycles-Per-Sec: 25413090
Loop-Overhead: 12.1%
Adjusted-Used-Time: 6.63583332447963
Bench-Points: 150.7
