Date: 2019-06-14 10:30:32
Test: /usr/local/lib/perl5/site_perl/5.30.0/PerlBench/benchmarks/call/1arg.t
Perl: /usr/local/bin/perl5.24.4-nt 5.024004
Cycles: 29029425
User-Time: 10.81
System-Time: 0
Real-Time: 10.804
CPU: 100%
Cycles-Per-Sec: 2685423
Empty-Cycles-Per-Sec: 22768176
Loop-Overhead: 11.8%
Adjusted-Used-Time: 9.53499997364743
Bench-Points: 104.88
