Date: 2018-09-08 19:58:54
Test: /usr/local/lib/perl5/site_perl/5.26.1/PerlBench/benchmarks/call/1arg.t
Perl: /usr/local/bin/cperl5.24.3-nt 5.024003
Cycles: 27477125
User-Time: 8.96
System-Time: 0
Real-Time: 8.960
CPU: 100%
Cycles-Per-Sec: 3066643
Empty-Cycles-Per-Sec: 29785501
Loop-Overhead: 10.3%
Adjusted-Used-Time: 8.03749998900472
Bench-Points: 124.42
