Date: 2016-11-01 22:54:59
Test: ./benchmarks/call/1arg.t
Perl: /usr/local/bin/cperl5.24.0-nt 5.024000
Cycles: 23231800
User-Time: 7.41
System-Time: 0.01
Real-Time: 7.442
CPU: 100%
Cycles-Per-Sec: 3130970
Empty-Cycles-Per-Sec: 26250621
Loop-Overhead: 11.9%
Adjusted-Used-Time: 6.53499998419085
Bench-Points: 153.02
