Date: 2016-11-01 22:55:22
Test: ./benchmarks/call/1arg.t
Perl: /usr/local/bin/perl5.25.3-nt 5.025003
Cycles: 23231800
User-Time: 7.01
System-Time: 0.01
Real-Time: 7.039
CPU: 100%
Cycles-Per-Sec: 3309373
Empty-Cycles-Per-Sec: 25765397
Loop-Overhead: 12.8%
Adjusted-Used-Time: 6.1183333189083
Bench-Points: 163.44
