Date: 2016-11-01 22:55:15
Test: ./benchmarks/call/1arg.t
Perl: /usr/local/bin/cperl5.25.2-nt 5.025002
Cycles: 23231800
User-Time: 7.52
System-Time: 0.02
Real-Time: 7.572
CPU: 100%
Cycles-Per-Sec: 3081141
Empty-Cycles-Per-Sec: 25413090
Loop-Overhead: 12.1%
Adjusted-Used-Time: 6.62583332447963
Bench-Points: 150.92
