Date: 2019-06-14 10:30:51
Test: /usr/local/lib/perl5/site_perl/5.30.0/PerlBench/benchmarks/call/1arg.t
Perl: /usr/local/bin/perl5.26.3-nt 5.026003
Cycles: 29029425
User-Time: 10.53
System-Time: 0
Real-Time: 10.526
CPU: 100%
Cycles-Per-Sec: 2756830
Empty-Cycles-Per-Sec: 32254917
Loop-Overhead: 8.5%
Adjusted-Used-Time: 9.63000000930091
Bench-Points: 103.84
