Date: 2018-09-08 19:59:03
Test: /usr/local/lib/perl5/site_perl/5.26.1/PerlBench/benchmarks/call/1arg.t
Perl: /usr/local/bin/perl5.26.2-nt 5.026002
Cycles: 27477125
User-Time: 7.86
System-Time: 0
Real-Time: 7.855
CPU: 100%
Cycles-Per-Sec: 3495817
Empty-Cycles-Per-Sec: 32710863
Loop-Overhead: 10.7%
Adjusted-Used-Time: 7.01999999755433
Bench-Points: 142.45
