Date: 2018-09-08 19:59:11
Test: /usr/local/lib/perl5/site_perl/5.26.1/PerlBench/benchmarks/call/1arg.t
Perl: /usr/local/bin/cperl5.26.2-nt 5.026002
Cycles: 27477125
User-Time: 9.28
System-Time: 0
Real-Time: 9.275
CPU: 100%
Cycles-Per-Sec: 2960897
Empty-Cycles-Per-Sec: 27340423
Loop-Overhead: 10.8%
Adjusted-Used-Time: 8.27500000420623
Bench-Points: 120.85
