Date: 2018-09-08 19:59:28
Test: /usr/local/lib/perl5/site_perl/5.26.1/PerlBench/benchmarks/call/1arg.t
Perl: /usr/local/bin/cperl5.28.0-nt 5.028000
Cycles: 27477125
User-Time: 8.97
System-Time: 0
Real-Time: 8.967
CPU: 100%
Cycles-Per-Sec: 3063225
Empty-Cycles-Per-Sec: 23302155
Loop-Overhead: 13.1%
Adjusted-Used-Time: 7.79083330919394
Bench-Points: 128.36
