Date: 2019-06-14 10:31:11
Test: /usr/local/lib/perl5/site_perl/5.30.0/PerlBench/benchmarks/call/1arg.t
Perl: /usr/local/bin/perl5.28.2-nt 5.028002
Cycles: 29029425
User-Time: 8.66
System-Time: 0
Real-Time: 8.657
CPU: 100%
Cycles-Per-Sec: 3352128
Empty-Cycles-Per-Sec: 22358992
Loop-Overhead: 15.0%
Adjusted-Used-Time: 7.3616666493731
Bench-Points: 135.84
