Date: 2019-06-14 10:31:19
Test: /usr/local/lib/perl5/site_perl/5.30.0/PerlBench/benchmarks/call/1arg.t
Perl: /usr/local/bin/cperl5.28.2-nt 5.028002
Cycles: 29029425
User-Time: 9.71
System-Time: 0
Real-Time: 9.712
CPU: 100%
Cycles-Per-Sec: 2989642
Empty-Cycles-Per-Sec: 22738453
Loop-Overhead: 13.1%
Adjusted-Used-Time: 8.43333333318674
Bench-Points: 118.58
