Date: 2018-09-08 19:59:20
Test: /usr/local/lib/perl5/site_perl/5.26.1/PerlBench/benchmarks/call/1arg.t
Perl: /usr/local/bin/perl5.28.0-nt 5.028000
Cycles: 27477125
User-Time: 8.33
System-Time: 0
Real-Time: 8.334
CPU: 100%
Cycles-Per-Sec: 3298574
Empty-Cycles-Per-Sec: 29179248
Loop-Overhead: 11.3%
Adjusted-Used-Time: 7.38833334018752
Bench-Points: 135.35
