Date: 2019-06-14 10:31:29
Test: /usr/local/lib/perl5/site_perl/5.30.0/PerlBench/benchmarks/call/1arg.t
Perl: /usr/local/bin/perl5.30.0-nt 5.030000
Cycles: 29029425
User-Time: 8.36
System-Time: 0
Real-Time: 8.357
CPU: 100%
Cycles-Per-Sec: 3472419
Empty-Cycles-Per-Sec: 31900467
Loop-Overhead: 10.9%
Adjusted-Used-Time: 7.44999999905957
Bench-Points: 134.23
