Date: 2019-06-14 10:29:12
Test: /usr/local/lib/perl5/site_perl/5.30.0/PerlBench/benchmarks/call/1arg.t
Perl: /usr/local/bin/perl5.6.2-nt 5.006002
Cycles: 29029425
User-Time: 14.62
System-Time: 0
Real-Time: 14
CPU: 104%
Cycles-Per-Sec: 1985597
Empty-Cycles-Per-Sec: 19256667
Loop-Overhead: 10.3%
Adjusted-Used-Time: 13.1125000260949
Bench-Points: 76.263
