Date: 2016-11-01 22:53:20
Test: ./benchmarks/call/1arg.t
Perl: /usr/local/bin/perl5.8.8-nt 5.008008
Cycles: 23231800
User-Time: 11.51
System-Time: 0.07
Real-Time: 11.911
CPU: 97%
Cycles-Per-Sec: 2006200
Empty-Cycles-Per-Sec: 23135402
Loop-Overhead: 8.7%
Adjusted-Used-Time: 10.5758333120816
Bench-Points: 94.555
