Date: 2019-06-14 10:29:26
Test: /usr/local/lib/perl5/site_perl/5.30.0/PerlBench/benchmarks/call/1arg.t
Perl: /usr/local/bin/perl5.8.9-nt 5.008009
Cycles: 29029425
User-Time: 13.53
System-Time: 0
Real-Time: 13.531
CPU: 100%
Cycles-Per-Sec: 2145560
Empty-Cycles-Per-Sec: 20527584
Loop-Overhead: 10.5%
Adjusted-Used-Time: 12.1158333352819
Bench-Points: 82.537
