Date: 2016-11-01 23:55:03
Test: ./benchmarks/string/ipol.t
Perl: /usr/local/bin/perl5.10.1-nt 5.010001
Cycles: 37170880
User-Time: 8.9
System-Time: 0.03
Real-Time: 8.981
CPU: 99%
Cycles-Per-Sec: 4162473
Empty-Cycles-Per-Sec: 22555146
Loop-Overhead: 18.5%
Adjusted-Used-Time: 7.28200002695615
Bench-Points: 137.32
