Date: 2016-11-01 23:55:12
Test: ./benchmarks/string/ipol.t
Perl: /usr/local/bin/perl5.12.5-nt 5.012005
Cycles: 37170880
User-Time: 8.33
System-Time: 0.04
Real-Time: 8.428
CPU: 99%
Cycles-Per-Sec: 4440965
Empty-Cycles-Per-Sec: 21297296
Loop-Overhead: 20.9%
Adjusted-Used-Time: 6.62466669571574
Bench-Points: 150.95
