Date: 2018-09-08 20:46:29
Test: /usr/local/lib/perl5/site_perl/5.26.1/PerlBench/benchmarks/string/ipol.t
Perl: /usr/local/bin/perl5.14.4-nt 5.014004
Cycles: 43963400
User-Time: 14.69
System-Time: 0
Real-Time: 14.692
CPU: 100%
Cycles-Per-Sec: 2992743
Empty-Cycles-Per-Sec: 16511042
Loop-Overhead: 18.1%
Adjusted-Used-Time: 12.0273334039124
Bench-Points: 83.144
