Date: 2016-11-01 23:55:20
Test: ./benchmarks/string/ipol.t
Perl: /usr/local/bin/perl5.14.4-nt 5.014004
Cycles: 37170880
User-Time: 8.7
System-Time: 0.03
Real-Time: 8.780
CPU: 99%
Cycles-Per-Sec: 4257833
Empty-Cycles-Per-Sec: 23329004
Loop-Overhead: 18.3%
Adjusted-Used-Time: 7.1366666540929
Bench-Points: 140.12
