Date: 2019-06-14 11:47:47
Test: /usr/local/lib/perl5/site_perl/5.30.0/PerlBench/benchmarks/string/ipol.t
Perl: /usr/local/bin/perl5.14.4-nt@g 5.014004
Cycles: 46447080
User-Time: 12.94
System-Time: 0
Real-Time: 12.933
CPU: 100%
Cycles-Per-Sec: 3589419
Empty-Cycles-Per-Sec: 28115666
Loop-Overhead: 12.8%
Adjusted-Used-Time: 11.2880000082516
Bench-Points: 88.59
