Date: 2016-11-01 23:55:29
Test: ./benchmarks/string/ipol.t
Perl: /usr/local/bin/perl5.16.3-nt 5.016003
Cycles: 37170880
User-Time: 9.03
System-Time: 0.04
Real-Time: 9.147
CPU: 99%
Cycles-Per-Sec: 4098223
Empty-Cycles-Per-Sec: 22757682
Loop-Overhead: 18.0%
Adjusted-Used-Time: 7.43666669303139
Bench-Points: 134.47
