Date: 2019-06-14 11:48:00
Test: /usr/local/lib/perl5/site_perl/5.30.0/PerlBench/benchmarks/string/ipol.t
Perl: /usr/local/bin/perl5.18.4-nt 5.018004
Cycles: 46447080
User-Time: 12.56
System-Time: 0
Real-Time: 12.568
CPU: 100%
Cycles-Per-Sec: 3698016
Empty-Cycles-Per-Sec: 30108306
Loop-Overhead: 12.3%
Adjusted-Used-Time: 11.0173333351933
Bench-Points: 90.766
