Date: 2016-11-01 23:55:38
Test: ./benchmarks/string/ipol.t
Perl: /usr/local/bin/perl5.18.4-nt 5.018004
Cycles: 37170880
User-Time: 8.5
System-Time: 0.01
Real-Time: 8.530
CPU: 100%
Cycles-Per-Sec: 4367906
Empty-Cycles-Per-Sec: 24627350
Loop-Overhead: 17.7%
Adjusted-Used-Time: 7.00066667749474
Bench-Points: 142.84
