Date: 2016-11-01 23:55:47
Test: ./benchmarks/string/ipol.t
Perl: /usr/local/bin/perl5.20.3-nt 5.020003
Cycles: 37170880
User-Time: 8.96
System-Time: 0
Real-Time: 8.969
CPU: 100%
Cycles-Per-Sec: 4148536
Empty-Cycles-Per-Sec: 22832236
Loop-Overhead: 18.2%
Adjusted-Used-Time: 7.33200000910993
Bench-Points: 136.39
