Date: 2018-09-08 20:47:00
Test: /usr/local/lib/perl5/site_perl/5.26.1/PerlBench/benchmarks/string/ipol.t
Perl: /usr/local/bin/cperl5.22.5-nt 5.022005
Cycles: 43963400
User-Time: 14.25
System-Time: 0
Real-Time: 14.251
CPU: 100%
Cycles-Per-Sec: 3085151
Empty-Cycles-Per-Sec: 29439777
Loop-Overhead: 10.5%
Adjusted-Used-Time: 12.7566666775363
Bench-Points: 78.39
