Date: 2016-11-01 23:55:56
Test: ./benchmarks/string/ipol.t
Perl: /usr/local/bin/cperl5.22.2-nt 5.022002
Cycles: 37170880
User-Time: 8.13
System-Time: 0
Real-Time: 8.143
CPU: 100%
Cycles-Per-Sec: 4572064
Empty-Cycles-Per-Sec: 25861002
Loop-Overhead: 17.7%
Adjusted-Used-Time: 6.69266667470967
Bench-Points: 149.42
