Date: 2019-06-14 11:48:13
Test: /usr/local/lib/perl5/site_perl/5.30.0/PerlBench/benchmarks/string/ipol.t
Perl: /usr/local/bin/perl5.22.4-nt 5.022004
Cycles: 46447080
User-Time: 14.11
System-Time: 0
Real-Time: 14.109
CPU: 100%
Cycles-Per-Sec: 3291785
Empty-Cycles-Per-Sec: 29496452
Loop-Overhead: 11.2%
Adjusted-Used-Time: 12.5353333248351
Bench-Points: 79.775
