Date: 2019-06-14 11:48:27
Test: /usr/local/lib/perl5/site_perl/5.30.0/PerlBench/benchmarks/string/ipol.t
Perl: /usr/local/bin/cperl5.22.5-nt 5.022005
Cycles: 46447080
User-Time: 13.17
System-Time: 0
Real-Time: 13.172
CPU: 100%
Cycles-Per-Sec: 3526733
Empty-Cycles-Per-Sec: 32284810
Loop-Overhead: 10.9%
Adjusted-Used-Time: 11.7313333329203
Bench-Points: 85.242
