Date: 2018-09-08 20:46:44
Test: /usr/local/lib/perl5/site_perl/5.26.1/PerlBench/benchmarks/string/ipol.t
Perl: /usr/local/bin/perl5.22.3-nt 5.022003
Cycles: 43963400
User-Time: 15.45
System-Time: 0
Real-Time: 15.449
CPU: 100%
Cycles-Per-Sec: 2845528
Empty-Cycles-Per-Sec: 20166697
Loop-Overhead: 14.1%
Adjusted-Used-Time: 13.2699999732232
Bench-Points: 75.358
