Date: 2018-09-08 20:47:29
Test: /usr/local/lib/perl5/site_perl/5.26.1/PerlBench/benchmarks/string/ipol.t
Perl: /usr/local/bin/cperl5.24.3-nt 5.024003
Cycles: 43963400
User-Time: 12.62
System-Time: 0
Real-Time: 12.620
CPU: 100%
Cycles-Per-Sec: 3483629
Empty-Cycles-Per-Sec: 29785501
Loop-Overhead: 11.7%
Adjusted-Used-Time: 11.1439999824075
Bench-Points: 89.734
