Date: 2016-11-01 23:56:21
Test: ./benchmarks/string/ipol.t
Perl: /usr/local/bin/perl5.24.0-nt 5.024000
Cycles: 37170880
User-Time: 8.52
System-Time: 0.01
Real-Time: 8.531
CPU: 100%
Cycles-Per-Sec: 4357665
Empty-Cycles-Per-Sec: 25413090
Loop-Overhead: 17.1%
Adjusted-Used-Time: 7.06733331916741
Bench-Points: 141.5
