Date: 2016-11-01 23:56:13
Test: ./benchmarks/string/ipol.t
Perl: /usr/local/bin/cperl5.24.0-nt 5.024000
Cycles: 37170880
User-Time: 7.86
System-Time: 0
Real-Time: 7.870
CPU: 100%
Cycles-Per-Sec: 4729120
Empty-Cycles-Per-Sec: 26250621
Loop-Overhead: 18.0%
Adjusted-Used-Time: 6.44399997470536
Bench-Points: 155.18
