Date: 2019-06-14 11:48:53
Test: /usr/local/lib/perl5/site_perl/5.30.0/PerlBench/benchmarks/string/ipol.t
Perl: /usr/local/bin/cperl5.24.4-nt 5.024004
Cycles: 46447080
User-Time: 14.28
System-Time: 0
Real-Time: 14.283
CPU: 100%
Cycles-Per-Sec: 3252597
Empty-Cycles-Per-Sec: 32435112
Loop-Overhead: 10.0%
Adjusted-Used-Time: 12.848000011839
Bench-Points: 77.833
