Date: 2019-06-14 11:48:40
Test: /usr/local/lib/perl5/site_perl/5.30.0/PerlBench/benchmarks/string/ipol.t
Perl: /usr/local/bin/perl5.24.4-nt 5.024004
Cycles: 46447080
User-Time: 13.23
System-Time: 0
Real-Time: 13.224
CPU: 100%
Cycles-Per-Sec: 3510739
Empty-Cycles-Per-Sec: 22768176
Loop-Overhead: 15.4%
Adjusted-Used-Time: 11.1899999578359
Bench-Points: 89.366
