Date: 2018-09-08 20:47:14
Test: /usr/local/lib/perl5/site_perl/5.26.1/PerlBench/benchmarks/string/ipol.t
Perl: /usr/local/bin/perl5.24.3-nt 5.024003
Cycles: 43963400
User-Time: 15.64
System-Time: 0
Real-Time: 15.639
CPU: 100%
Cycles-Per-Sec: 2810959
Empty-Cycles-Per-Sec: 22339126
Loop-Overhead: 12.6%
Adjusted-Used-Time: 13.6719999985675
Bench-Points: 73.142
