Date: 2016-11-01 23:56:37
Test: ./benchmarks/string/ipol.t
Perl: /usr/local/bin/perl5.25.3-nt 5.025003
Cycles: 37170880
User-Time: 9.47
System-Time: 0.02
Real-Time: 9.549
CPU: 99%
Cycles-Per-Sec: 3916847
Empty-Cycles-Per-Sec: 25765397
Loop-Overhead: 15.2%
Adjusted-Used-Time: 8.04733331025328
Bench-Points: 124.26
