Date: 2016-11-01 23:56:30
Test: ./benchmarks/string/ipol.t
Perl: /usr/local/bin/cperl5.25.2-nt 5.025002
Cycles: 37170880
User-Time: 7.88
System-Time: 0
Real-Time: 7.896
CPU: 100%
Cycles-Per-Sec: 4717117
Empty-Cycles-Per-Sec: 25413090
Loop-Overhead: 18.6%
Adjusted-Used-Time: 6.41733331916741
Bench-Points: 155.83
