Date: 2019-06-14 11:49:07
Test: /usr/local/lib/perl5/site_perl/5.30.0/PerlBench/benchmarks/string/ipol.t
Perl: /usr/local/bin/perl5.26.3-nt 5.026003
Cycles: 46447080
User-Time: 12.93
System-Time: 0
Real-Time: 12.937
CPU: 100%
Cycles-Per-Sec: 3592195
Empty-Cycles-Per-Sec: 32254917
Loop-Overhead: 11.1%
Adjusted-Used-Time: 11.4900000148815
Bench-Points: 87.032
