Date: 2018-09-08 20:47:42
Test: /usr/local/lib/perl5/site_perl/5.26.1/PerlBench/benchmarks/string/ipol.t
Perl: /usr/local/bin/perl5.26.2-nt 5.026002
Cycles: 43963400
User-Time: 13.67
System-Time: 0
Real-Time: 13.670
CPU: 100%
Cycles-Per-Sec: 3216050
Empty-Cycles-Per-Sec: 32710863
Loop-Overhead: 9.8%
Adjusted-Used-Time: 12.3259999960869
Bench-Points: 81.129
