Date: 2018-09-08 20:47:56
Test: /usr/local/lib/perl5/site_perl/5.26.1/PerlBench/benchmarks/string/ipol.t
Perl: /usr/local/bin/cperl5.26.2-nt 5.026002
Cycles: 43963400
User-Time: 14.44
System-Time: 0
Real-Time: 14.443
CPU: 100%
Cycles-Per-Sec: 3044557
Empty-Cycles-Per-Sec: 27340423
Loop-Overhead: 11.1%
Adjusted-Used-Time: 12.83200000673
Bench-Points: 77.93
