Date: 2019-06-14 11:49:20
Test: /usr/local/lib/perl5/site_perl/5.30.0/PerlBench/benchmarks/string/ipol.t
Perl: /usr/local/bin/cperl5.26.5-nt 5.026005
Cycles: 46447080
User-Time: 12.17
System-Time: 0
Real-Time: 12.173
CPU: 100%
Cycles-Per-Sec: 3816523
Empty-Cycles-Per-Sec: 22005881
Loop-Overhead: 17.3%
Adjusted-Used-Time: 10.059333310491
Bench-Points: 99.41
