Date: 2018-09-08 20:48:10
Test: /usr/local/lib/perl5/site_perl/5.26.1/PerlBench/benchmarks/string/ipol.t
Perl: /usr/local/bin/perl5.28.0-nt 5.028000
Cycles: 43963400
User-Time: 7.33
System-Time: 0
Real-Time: 7.325
CPU: 100%
Cycles-Per-Sec: 5997735
Empty-Cycles-Per-Sec: 29179248
Loop-Overhead: 20.6%
Adjusted-Used-Time: 5.82333334430003
Bench-Points: 171.72
