Date: 2019-06-14 11:49:40
Test: /usr/local/lib/perl5/site_perl/5.30.0/PerlBench/benchmarks/string/ipol.t
Perl: /usr/local/bin/cperl5.28.2-nt 5.028002
Cycles: 46447080
User-Time: 7.07
System-Time: 0
Real-Time: 7.066
CPU: 100%
Cycles-Per-Sec: 6569601
Empty-Cycles-Per-Sec: 22738453
Loop-Overhead: 28.9%
Adjusted-Used-Time: 5.02733333309878
Bench-Points: 198.91
