Date: 2019-06-14 11:49:33
Test: /usr/local/lib/perl5/site_perl/5.30.0/PerlBench/benchmarks/string/ipol.t
Perl: /usr/local/bin/perl5.28.2-nt 5.028002
Cycles: 46447080
User-Time: 7.77
System-Time: 0
Real-Time: 7.771
CPU: 100%
Cycles-Per-Sec: 5977745
Empty-Cycles-Per-Sec: 22358992
Loop-Overhead: 26.7%
Adjusted-Used-Time: 5.69266663899696
Bench-Points: 175.66
