Date: 2018-09-08 20:48:18
Test: /usr/local/lib/perl5/site_perl/5.26.1/PerlBench/benchmarks/string/ipol.t
Perl: /usr/local/bin/cperl5.28.0-nt 5.028000
Cycles: 43963400
User-Time: 6.92
System-Time: 0
Real-Time: 6.921
CPU: 100%
Cycles-Per-Sec: 6353092
Empty-Cycles-Per-Sec: 23302155
Loop-Overhead: 27.3%
Adjusted-Used-Time: 5.0333332947103
Bench-Points: 198.68
