Date: 2019-06-14 11:49:54
Test: /usr/local/lib/perl5/site_perl/5.30.0/PerlBench/benchmarks/string/ipol.t
Perl: /usr/local/bin/cperl5.30.0-nt 5.030000
Cycles: 46447080
User-Time: 6.16
System-Time: 0
Real-Time: 6.162
CPU: 100%
Cycles-Per-Sec: 7540110
Empty-Cycles-Per-Sec: 33463314
Loop-Overhead: 22.5%
Adjusted-Used-Time: 4.77199999497958
Bench-Points: 209.56
