Date: 2019-06-14 11:49:47
Test: /usr/local/lib/perl5/site_perl/5.30.0/PerlBench/benchmarks/string/ipol.t
Perl: /usr/local/bin/perl5.30.0-nt 5.030000
Cycles: 46447080
User-Time: 6.92
System-Time: 0
Real-Time: 6.916
CPU: 100%
Cycles-Per-Sec: 6712006
Empty-Cycles-Per-Sec: 31900467
Loop-Overhead: 21.0%
Adjusted-Used-Time: 5.46399999849532
Bench-Points: 183.02
