Date: 2019-06-14 11:47:19
Test: /usr/local/lib/perl5/site_perl/5.30.0/PerlBench/benchmarks/string/ipol.t
Perl: /usr/local/bin/perl5.6.2-nt 5.006002
Cycles: 46447080
User-Time: 14.49
System-Time: 0
Real-Time: 14
CPU: 104%
Cycles-Per-Sec: 3205458
Empty-Cycles-Per-Sec: 19256667
Loop-Overhead: 16.6%
Adjusted-Used-Time: 12.0780000417518
Bench-Points: 82.795
