Date: 2019-06-14 11:47:33
Test: /usr/local/lib/perl5/site_perl/5.30.0/PerlBench/benchmarks/string/ipol.t
Perl: /usr/local/bin/perl5.8.9-nt 5.008009
Cycles: 46447080
User-Time: 13.85
System-Time: 0
Real-Time: 13.856
CPU: 100%
Cycles-Per-Sec: 3353580
Empty-Cycles-Per-Sec: 20527584
Loop-Overhead: 16.3%
Adjusted-Used-Time: 11.5873333364511
Bench-Points: 86.301
