Date: 2016-11-01 23:54:54
Test: ./benchmarks/string/ipol.t
Perl: /usr/local/bin/perl5.8.8-nt 5.008008
Cycles: 37170880
User-Time: 8.41
System-Time: 0.02
Real-Time: 8.483
CPU: 99%
Cycles-Per-Sec: 4409357
Empty-Cycles-Per-Sec: 23135402
Loop-Overhead: 19.1%
Adjusted-Used-Time: 6.82333329933061
Bench-Points: 146.56
