Date: 2016-11-01 22:46:13
Test: ./benchmarks/array/sort-num.t
Perl: /usr/local/bin/perl5.10.1-nt 5.010001
Cycles: 464636
User-Time: 10.03
System-Time: 0.01
Real-Time: 10.056
CPU: 100%
Cycles-Per-Sec: 46278
Empty-Cycles-Per-Sec: 22555146
Loop-Overhead: 0.2%
Adjusted-Used-Time: 10.019400000337
Bench-Points: 99.806
