Date: 2016-11-01 22:46:23
Test: ./benchmarks/array/sort-num.t
Perl: /usr/local/bin/perl5.12.5-nt 5.012005
Cycles: 464636
User-Time: 10.15
System-Time: 0.01
Real-Time: 10.168
CPU: 100%
Cycles-Per-Sec: 45732
Empty-Cycles-Per-Sec: 21297296
Loop-Overhead: 0.2%
Adjusted-Used-Time: 10.1381833336964
Bench-Points: 98.637
