Date: 2018-09-08 19:52:37
Test: /usr/local/lib/perl5/site_perl/5.26.1/PerlBench/benchmarks/array/sort-num.t
Perl: /usr/local/bin/perl5.14.4-nt 5.014004
Cycles: 549542
User-Time: 14.66
System-Time: 0
Real-Time: 14.663
CPU: 100%
Cycles-Per-Sec: 37486
Empty-Cycles-Per-Sec: 16511042
Loop-Overhead: 0.2%
Adjusted-Used-Time: 14.6267166978317
Bench-Points: 68.368
