Date: 2019-06-14 10:20:39
Test: /usr/local/lib/perl5/site_perl/5.30.0/PerlBench/benchmarks/array/sort-num.t
Perl: /usr/local/bin/perl5.14.4-nt@g 5.014004
Cycles: 580588
User-Time: 14.22
System-Time: 0
Real-Time: 14.221
CPU: 100%
Cycles-Per-Sec: 40829
Empty-Cycles-Per-Sec: 28115666
Loop-Overhead: 0.1%
Adjusted-Used-Time: 14.1993500178868
Bench-Points: 70.426
