Date: 2016-11-01 22:46:33
Test: ./benchmarks/array/sort-num.t
Perl: /usr/local/bin/perl5.14.4-nt 5.014004
Cycles: 464636
User-Time: 10.96
System-Time: 0.01
Real-Time: 10.987
CPU: 100%
Cycles-Per-Sec: 42355
Empty-Cycles-Per-Sec: 23329004
Loop-Overhead: 0.2%
Adjusted-Used-Time: 10.9500833331762
Bench-Points: 91.324
