Date: 2016-11-01 22:46:44
Test: ./benchmarks/array/sort-num.t
Perl: /usr/local/bin/perl5.16.3-nt 5.016003
Cycles: 464636
User-Time: 10.91
System-Time: 0.01
Real-Time: 10.940
CPU: 100%
Cycles-Per-Sec: 42549
Empty-Cycles-Per-Sec: 22757682
Loop-Overhead: 0.2%
Adjusted-Used-Time: 10.8995833336629
Bench-Points: 91.747
