Date: 2016-11-01 22:46:55
Test: ./benchmarks/array/sort-num.t
Perl: /usr/local/bin/perl5.18.4-nt 5.018004
Cycles: 464636
User-Time: 12.15
System-Time: 0.02
Real-Time: 12.188
CPU: 100%
Cycles-Per-Sec: 38179
Empty-Cycles-Per-Sec: 24627350
Loop-Overhead: 0.2%
Adjusted-Used-Time: 12.1511333334687
Bench-Points: 82.297
