Date: 2019-06-14 10:20:53
Test: /usr/local/lib/perl5/site_perl/5.30.0/PerlBench/benchmarks/array/sort-num.t
Perl: /usr/local/bin/perl5.18.4-nt 5.018004
Cycles: 580588
User-Time: 15.38
System-Time: 0
Real-Time: 15.375
CPU: 100%
Cycles-Per-Sec: 37750
Empty-Cycles-Per-Sec: 30108306
Loop-Overhead: 0.1%
Adjusted-Used-Time: 15.3607166832966
Bench-Points: 65.101
