Date: 2016-11-01 22:47:07
Test: ./benchmarks/array/sort-num.t
Perl: /usr/local/bin/perl5.20.3-nt 5.020003
Cycles: 464636
User-Time: 10.58
System-Time: 0.04
Real-Time: 10.689
CPU: 99%
Cycles-Per-Sec: 43751
Empty-Cycles-Per-Sec: 22832236
Loop-Overhead: 0.2%
Adjusted-Used-Time: 10.5996500001139
Bench-Points: 94.343
