Date: 2019-06-14 10:21:19
Test: /usr/local/lib/perl5/site_perl/5.30.0/PerlBench/benchmarks/array/sort-num.t
Perl: /usr/local/bin/cperl5.22.5-nt 5.022005
Cycles: 580588
User-Time: 11.91
System-Time: 0
Real-Time: 11.915
CPU: 100%
Cycles-Per-Sec: 48748
Empty-Cycles-Per-Sec: 32284810
Loop-Overhead: 0.2%
Adjusted-Used-Time: 11.8920166821487
Bench-Points: 84.09
