Date: 2016-11-01 22:47:18
Test: ./benchmarks/array/sort-num.t
Perl: /usr/local/bin/cperl5.22.2-nt 5.022002
Cycles: 464636
User-Time: 7.91
System-Time: 0.02
Real-Time: 7.939
CPU: 100%
Cycles-Per-Sec: 58592
Empty-Cycles-Per-Sec: 25861002
Loop-Overhead: 0.2%
Adjusted-Used-Time: 7.91203333343387
Bench-Points: 126.39
