Date: 2018-09-08 19:53:01
Test: /usr/local/lib/perl5/site_perl/5.26.1/PerlBench/benchmarks/array/sort-num.t
Perl: /usr/local/bin/cperl5.22.5-nt 5.022005
Cycles: 549542
User-Time: 12.05
System-Time: 0
Real-Time: 12.049
CPU: 100%
Cycles-Per-Sec: 45605
Empty-Cycles-Per-Sec: 29439777
Loop-Overhead: 0.2%
Adjusted-Used-Time: 12.031333350453
Bench-Points: 83.116
