Date: 2018-09-08 19:52:51
Test: /usr/local/lib/perl5/site_perl/5.26.1/PerlBench/benchmarks/array/sort-num.t
Perl: /usr/local/bin/perl5.22.3-nt 5.022003
Cycles: 549542
User-Time: 9.44
System-Time: 0
Real-Time: 9.446
CPU: 100%
Cycles-Per-Sec: 58214
Empty-Cycles-Per-Sec: 20166697
Loop-Overhead: 0.3%
Adjusted-Used-Time: 9.41275002445864
Bench-Points: 106.24
