Date: 2019-06-14 10:21:09
Test: /usr/local/lib/perl5/site_perl/5.30.0/PerlBench/benchmarks/array/sort-num.t
Perl: /usr/local/bin/perl5.22.4-nt 5.022004
Cycles: 580588
User-Time: 10.65
System-Time: 0
Real-Time: 10.651
CPU: 100%
Cycles-Per-Sec: 54515
Empty-Cycles-Per-Sec: 29496452
Loop-Overhead: 0.2%
Adjusted-Used-Time: 10.6303166835116
Bench-Points: 94.071
