Date: 2019-06-14 10:21:42
Test: /usr/local/lib/perl5/site_perl/5.30.0/PerlBench/benchmarks/array/sort-num.t
Perl: /usr/local/bin/cperl5.24.4-nt 5.024004
Cycles: 580588
User-Time: 11.47
System-Time: 0
Real-Time: 11.473
CPU: 100%
Cycles-Per-Sec: 50618
Empty-Cycles-Per-Sec: 32435112
Loop-Overhead: 0.2%
Adjusted-Used-Time: 11.4521000155634
Bench-Points: 87.32
