Date: 2018-09-08 19:53:24
Test: /usr/local/lib/perl5/site_perl/5.26.1/PerlBench/benchmarks/array/sort-num.t
Perl: /usr/local/bin/cperl5.24.3-nt 5.024003
Cycles: 549542
User-Time: 12.11
System-Time: 0
Real-Time: 12.109
CPU: 100%
Cycles-Per-Sec: 45379
Empty-Cycles-Per-Sec: 29785501
Loop-Overhead: 0.2%
Adjusted-Used-Time: 12.0915500165668
Bench-Points: 82.702
