Date: 2016-11-01 22:47:42
Test: ./benchmarks/array/sort-num.t
Perl: /usr/local/bin/perl5.24.0-nt 5.024000
Cycles: 464636
User-Time: 9.05
System-Time: 0.03
Real-Time: 9.121
CPU: 100%
Cycles-Per-Sec: 51171
Empty-Cycles-Per-Sec: 25413090
Loop-Overhead: 0.2%
Adjusted-Used-Time: 9.06171666648959
Bench-Points: 110.35
