Date: 2016-11-01 22:47:34
Test: ./benchmarks/array/sort-num.t
Perl: /usr/local/bin/cperl5.24.0-nt 5.024000
Cycles: 464636
User-Time: 7.56
System-Time: 0.04
Real-Time: 7.664
CPU: 99%
Cycles-Per-Sec: 61136
Empty-Cycles-Per-Sec: 26250621
Loop-Overhead: 0.2%
Adjusted-Used-Time: 7.58229999968382
Bench-Points: 131.89
