Date: 2018-09-08 19:53:13
Test: /usr/local/lib/perl5/site_perl/5.26.1/PerlBench/benchmarks/array/sort-num.t
Perl: /usr/local/bin/perl5.24.3-nt 5.024003
Cycles: 549542
User-Time: 11.37
System-Time: 0
Real-Time: 11.368
CPU: 100%
Cycles-Per-Sec: 48333
Empty-Cycles-Per-Sec: 22339126
Loop-Overhead: 0.2%
Adjusted-Used-Time: 11.3454000223643
Bench-Points: 88.141
