Date: 2019-06-14 10:21:31
Test: /usr/local/lib/perl5/site_perl/5.30.0/PerlBench/benchmarks/array/sort-num.t
Perl: /usr/local/bin/perl5.24.4-nt 5.024004
Cycles: 580588
User-Time: 10.78
System-Time: 0
Real-Time: 10.776
CPU: 100%
Cycles-Per-Sec: 53858
Empty-Cycles-Per-Sec: 22768176
Loop-Overhead: 0.2%
Adjusted-Used-Time: 10.7545000214334
Bench-Points: 92.984
