Date: 2016-11-01 22:47:51
Test: ./benchmarks/array/sort-num.t
Perl: /usr/local/bin/cperl5.25.2-nt 5.025002
Cycles: 464636
User-Time: 7.59
System-Time: 0.03
Real-Time: 7.663
CPU: 99%
Cycles-Per-Sec: 60976
Empty-Cycles-Per-Sec: 25413090
Loop-Overhead: 0.2%
Adjusted-Used-Time: 7.60171666648959
Bench-Points: 131.55
