Date: 2016-11-01 22:47:59
Test: ./benchmarks/array/sort-num.t
Perl: /usr/local/bin/perl5.25.3-nt 5.025003
Cycles: 464636
User-Time: 8.78
System-Time: 0.02
Real-Time: 8.821
CPU: 100%
Cycles-Per-Sec: 52800
Empty-Cycles-Per-Sec: 25765397
Loop-Overhead: 0.2%
Adjusted-Used-Time: 8.78196666637817
Bench-Points: 113.87
