Date: 2019-06-14 10:22:03
Test: /usr/local/lib/perl5/site_perl/5.30.0/PerlBench/benchmarks/array/sort-num.t
Perl: /usr/local/bin/cperl5.26.5-nt 5.026005
Cycles: 580588
User-Time: 10.1
System-Time: 0
Real-Time: 10.094
CPU: 100%
Cycles-Per-Sec: 57484
Empty-Cycles-Per-Sec: 22005881
Loop-Overhead: 0.3%
Adjusted-Used-Time: 10.0736166891023
Bench-Points: 99.269
