Date: 2019-06-14 10:21:53
Test: /usr/local/lib/perl5/site_perl/5.30.0/PerlBench/benchmarks/array/sort-num.t
Perl: /usr/local/bin/perl5.26.3-nt 5.026003
Cycles: 580588
User-Time: 9.72
System-Time: 0
Real-Time: 9.726
CPU: 100%
Cycles-Per-Sec: 59731
Empty-Cycles-Per-Sec: 32254917
Loop-Overhead: 0.2%
Adjusted-Used-Time: 9.70200001568753
Bench-Points: 103.07
