Date: 2018-09-08 19:53:36
Test: /usr/local/lib/perl5/site_perl/5.26.1/PerlBench/benchmarks/array/sort-num.t
Perl: /usr/local/bin/perl5.26.2-nt 5.026002
Cycles: 549542
User-Time: 9.32
System-Time: 0
Real-Time: 9.328
CPU: 100%
Cycles-Per-Sec: 58964
Empty-Cycles-Per-Sec: 32710863
Loop-Overhead: 0.2%
Adjusted-Used-Time: 9.30320001523653
Bench-Points: 107.49
