Date: 2019-06-14 10:22:13
Test: /usr/local/lib/perl5/site_perl/5.30.0/PerlBench/benchmarks/array/sort-num.t
Perl: /usr/local/bin/perl5.28.2-nt 5.028002
Cycles: 580588
User-Time: 9.43
System-Time: 0
Real-Time: 9.433
CPU: 100%
Cycles-Per-Sec: 61568
Empty-Cycles-Per-Sec: 22358992
Loop-Overhead: 0.3%
Adjusted-Used-Time: 9.40403335534983
Bench-Points: 106.34
