Date: 2018-09-08 19:53:56
Test: /usr/local/lib/perl5/site_perl/5.26.1/PerlBench/benchmarks/array/sort-num.t
Perl: /usr/local/bin/perl5.28.0-nt 5.028000
Cycles: 549542
User-Time: 9.73
System-Time: 0
Real-Time: 9.724
CPU: 100%
Cycles-Per-Sec: 56479
Empty-Cycles-Per-Sec: 29179248
Loop-Overhead: 0.2%
Adjusted-Used-Time: 9.71116668393922
Bench-Points: 102.97
