Date: 2019-06-14 10:22:23
Test: /usr/local/lib/perl5/site_perl/5.30.0/PerlBench/benchmarks/array/sort-num.t
Perl: /usr/local/bin/cperl5.28.2-nt 5.028002
Cycles: 580588
User-Time: 11.03
System-Time: 0
Real-Time: 11.029
CPU: 100%
Cycles-Per-Sec: 52637
Empty-Cycles-Per-Sec: 22738453
Loop-Overhead: 0.2%
Adjusted-Used-Time: 11.0044666886529
Bench-Points: 90.872
