Date: 2018-09-08 19:54:05
Test: /usr/local/lib/perl5/site_perl/5.26.1/PerlBench/benchmarks/array/sort-num.t
Perl: /usr/local/bin/cperl5.28.0-nt 5.028000
Cycles: 549542
User-Time: 10.82
System-Time: 0
Real-Time: 10.822
CPU: 100%
Cycles-Per-Sec: 50789
Empty-Cycles-Per-Sec: 23302155
Loop-Overhead: 0.2%
Adjusted-Used-Time: 10.7964166876411
Bench-Points: 92.623
