Date: 2019-06-14 10:22:34
Test: /usr/local/lib/perl5/site_perl/5.30.0/PerlBench/benchmarks/array/sort-num.t
Perl: /usr/local/bin/perl5.30.0-nt 5.030000
Cycles: 580588
User-Time: 9.33
System-Time: 0
Real-Time: 9.332
CPU: 100%
Cycles-Per-Sec: 62228
Empty-Cycles-Per-Sec: 31900467
Loop-Overhead: 0.2%
Adjusted-Used-Time: 9.31180001565494
Bench-Points: 107.39
