Date: 2019-06-14 10:22:43
Test: /usr/local/lib/perl5/site_perl/5.30.0/PerlBench/benchmarks/array/sort-num.t
Perl: /usr/local/bin/cperl5.30.0-nt 5.030000
Cycles: 580588
User-Time: 10.03
System-Time: 0
Real-Time: 10.025
CPU: 100%
Cycles-Per-Sec: 57885
Empty-Cycles-Per-Sec: 33463314
Loop-Overhead: 0.2%
Adjusted-Used-Time: 10.012650014879
Bench-Points: 99.874
