Date: 2016-11-01 22:46:05
Test: ./benchmarks/array/sort-num.t
Perl: /usr/local/bin/perl5.8.8-nt 5.008008
Cycles: 464636
User-Time: 7.61
System-Time: 0.01
Real-Time: 7.652
CPU: 100%
Cycles-Per-Sec: 60976
Empty-Cycles-Per-Sec: 23135402
Loop-Overhead: 0.3%
Adjusted-Used-Time: 7.59991666624163
Bench-Points: 131.58
