Date: 2019-06-14 10:20:25
Test: /usr/local/lib/perl5/site_perl/5.30.0/PerlBench/benchmarks/array/sort-num.t
Perl: /usr/local/bin/perl5.8.9-nt 5.008009
Cycles: 580588
User-Time: 14.45
System-Time: 0
Real-Time: 14.451
CPU: 100%
Cycles-Per-Sec: 40179
Empty-Cycles-Per-Sec: 20527584
Loop-Overhead: 0.2%
Adjusted-Used-Time: 14.4217166910631
Bench-Points: 69.34
