Date: 2016-11-01 23:22:21
Test: ./benchmarks/loop/for-c.t
Perl: /usr/local/bin/perl5.10.1-nt 5.010001
Cycles: 9292
User-Time: 9.99
System-Time: 0.01
Real-Time: 10.024
CPU: 100%
Cycles-Per-Sec: 929
Empty-Cycles-Per-Sec: 22555146
Loop-Overhead: 0.0%
Adjusted-Used-Time: 9.9995880319285
Bench-Points: 100
