Date: 2016-11-01 23:22:31
Test: ./benchmarks/loop/for-c.t
Perl: /usr/local/bin/perl5.12.5-nt 5.012005
Cycles: 9292
User-Time: 9.73
System-Time: 0.01
Real-Time: 9.746
CPU: 100%
Cycles-Per-Sec: 954
Empty-Cycles-Per-Sec: 21297296
Loop-Overhead: 0.0%
Adjusted-Used-Time: 9.73956370048104
Bench-Points: 102.67
