Date: 2018-09-08 20:20:49
Test: /usr/local/lib/perl5/site_perl/5.26.1/PerlBench/benchmarks/loop/for-c.t
Perl: /usr/local/bin/perl5.14.4-nt 5.014004
Cycles: 10990
User-Time: 13.87
System-Time: 0
Real-Time: 13.879
CPU: 100%
Cycles-Per-Sec: 792
Empty-Cycles-Per-Sec: 16511042
Loop-Overhead: 0.0%
Adjusted-Used-Time: 13.8693343848317
Bench-Points: 72.102
