Date: 2016-11-01 23:22:41
Test: ./benchmarks/loop/for-c.t
Perl: /usr/local/bin/perl5.14.4-nt 5.014004
Cycles: 9292
User-Time: 9.62
System-Time: 0.01
Real-Time: 9.635
CPU: 100%
Cycles-Per-Sec: 965
Empty-Cycles-Per-Sec: 23329004
Loop-Overhead: 0.0%
Adjusted-Used-Time: 9.62960169752639
Bench-Points: 103.85
