Date: 2016-11-01 23:22:50
Test: ./benchmarks/loop/for-c.t
Perl: /usr/local/bin/perl5.16.3-nt 5.016003
Cycles: 9292
User-Time: 9.76
System-Time: 0.01
Real-Time: 9.779
CPU: 100%
Cycles-Per-Sec: 951
Empty-Cycles-Per-Sec: 22757682
Loop-Overhead: 0.0%
Adjusted-Used-Time: 9.76959169831093
Bench-Points: 102.36
