Date: 2019-06-14 11:07:27
Test: /usr/local/lib/perl5/site_perl/5.30.0/PerlBench/benchmarks/loop/for-c.t
Perl: /usr/local/bin/perl5.18.4-nt 5.018004
Cycles: 11611
User-Time: 11.47
System-Time: 0
Real-Time: 11.465
CPU: 100%
Cycles-Per-Sec: 1012
Empty-Cycles-Per-Sec: 30108306
Loop-Overhead: 0.0%
Adjusted-Used-Time: 11.4696143589081
Bench-Points: 87.187
