Date: 2016-11-01 23:23:00
Test: ./benchmarks/loop/for-c.t
Perl: /usr/local/bin/perl5.18.4-nt 5.018004
Cycles: 9292
User-Time: 9.35
System-Time: 0.01
Real-Time: 9.370
CPU: 100%
Cycles-Per-Sec: 993
Empty-Cycles-Per-Sec: 24627350
Loop-Overhead: 0.0%
Adjusted-Used-Time: 9.35962269590516
Bench-Points: 106.84
