Date: 2016-11-01 23:23:09
Test: ./benchmarks/loop/for-c.t
Perl: /usr/local/bin/perl5.20.3-nt 5.020003
Cycles: 9292
User-Time: 9.79
System-Time: 0.03
Real-Time: 9.860
CPU: 100%
Cycles-Per-Sec: 946
Empty-Cycles-Per-Sec: 22832236
Loop-Overhead: 0.0%
Adjusted-Used-Time: 9.81959303153664
Bench-Points: 101.84
