Date: 2016-11-01 23:23:19
Test: ./benchmarks/loop/for-c.t
Perl: /usr/local/bin/cperl5.22.2-nt 5.022002
Cycles: 9292
User-Time: 7.91
System-Time: 0.02
Real-Time: 7.956
CPU: 100%
Cycles-Per-Sec: 1172
Empty-Cycles-Per-Sec: 25861002
Loop-Overhead: 0.0%
Adjusted-Used-Time: 7.92964069450983
Bench-Points: 126.11
