Date: 2016-11-01 23:23:27
Test: ./benchmarks/loop/for-c.t
Perl: /usr/local/bin/perl5.22.2-nt 5.022002
Cycles: 9292
User-Time: 8.63
System-Time: 0.04
Real-Time: 8.724
CPU: 99%
Cycles-Per-Sec: 1072
Empty-Cycles-Per-Sec: 23231800
Loop-Overhead: 0.0%
Adjusted-Used-Time: 8.669600030992
Bench-Points: 115.35
