Date: 2019-06-14 11:07:51
Test: /usr/local/lib/perl5/site_perl/5.30.0/PerlBench/benchmarks/loop/for-c.t
Perl: /usr/local/bin/cperl5.22.5-nt 5.022005
Cycles: 11611
User-Time: 11.05
System-Time: 0
Real-Time: 11.047
CPU: 100%
Cycles-Per-Sec: 1051
Empty-Cycles-Per-Sec: 32284810
Loop-Overhead: 0.0%
Adjusted-Used-Time: 11.0496403571835
Bench-Points: 90.501
