Date: 2016-11-01 23:23:36
Test: ./benchmarks/loop/for-c.t
Perl: /usr/local/bin/cperl5.24.0-nt 5.024000
Cycles: 9292
User-Time: 6.54
System-Time: 0.01
Real-Time: 6.562
CPU: 100%
Cycles-Per-Sec: 1419
Empty-Cycles-Per-Sec: 26250621
Loop-Overhead: 0.0%
Adjusted-Used-Time: 6.5496460274216
Bench-Points: 152.68
