Date: 2016-11-01 23:23:43
Test: ./benchmarks/loop/for-c.t
Perl: /usr/local/bin/perl5.24.0-nt 5.024000
Cycles: 9292
User-Time: 6.73
System-Time: 0
Real-Time: 6.744
CPU: 100%
Cycles-Per-Sec: 1381
Empty-Cycles-Per-Sec: 25413090
Loop-Overhead: 0.0%
Adjusted-Used-Time: 6.72963436166165
Bench-Points: 148.6
