Date: 2016-11-01 23:23:49
Test: ./benchmarks/loop/for-c.t
Perl: /usr/local/bin/cperl5.25.2-nt 5.025002
Cycles: 9292
User-Time: 6.72
System-Time: 0.01
Real-Time: 6.738
CPU: 100%
Cycles-Per-Sec: 1381
Empty-Cycles-Per-Sec: 25413090
Loop-Overhead: 0.0%
Adjusted-Used-Time: 6.72963436166165
Bench-Points: 148.6
