Date: 2016-11-01 23:23:56
Test: ./benchmarks/loop/for-c.t
Perl: /usr/local/bin/perl5.25.3-nt 5.025003
Cycles: 9292
User-Time: 6.58
System-Time: 0
Real-Time: 6.589
CPU: 100%
Cycles-Per-Sec: 1412
Empty-Cycles-Per-Sec: 25765397
Loop-Overhead: 0.0%
Adjusted-Used-Time: 6.57963936127202
Bench-Points: 151.98
