Date: 2019-06-14 11:08:45
Test: /usr/local/lib/perl5/site_perl/5.30.0/PerlBench/benchmarks/loop/for-c.t
Perl: /usr/local/bin/cperl5.28.2-nt 5.028002
Cycles: 11611
User-Time: 11.07
System-Time: 0
Real-Time: 11.066
CPU: 100%
Cycles-Per-Sec: 1049
Empty-Cycles-Per-Sec: 22738453
Loop-Overhead: 0.0%
Adjusted-Used-Time: 11.0694893671966
Bench-Points: 90.338
