Date: 2019-06-14 11:07:05
Test: /usr/local/lib/perl5/site_perl/5.30.0/PerlBench/benchmarks/loop/for-c.t
Perl: /usr/local/bin/perl5.8.9-nt 5.008009
Cycles: 11611
User-Time: 10.45
System-Time: 0
Real-Time: 10.450
CPU: 100%
Cycles-Per-Sec: 1111
Empty-Cycles-Per-Sec: 20527584
Loop-Overhead: 0.0%
Adjusted-Used-Time: 10.4494343708446
Bench-Points: 95.699
