Date: 2016-11-01 23:22:11
Test: ./benchmarks/loop/for-c.t
Perl: /usr/local/bin/perl5.8.8-nt 5.008008
Cycles: 9292
User-Time: 9.71
System-Time: 0.01
Real-Time: 9.738
CPU: 100%
Cycles-Per-Sec: 956
Empty-Cycles-Per-Sec: 23135402
Loop-Overhead: 0.0%
Adjusted-Used-Time: 9.71959836444597
Bench-Points: 102.88
