Date: 2016-11-01 23:17:34
Test: ./benchmarks/hash/set.t
Perl: /usr/local/bin/perl5.10.1-nt 5.010001
Cycles: 9292720
User-Time: 12.17
System-Time: 0.07
Real-Time: 12.558
CPU: 97%
Cycles-Per-Sec: 759209
Empty-Cycles-Per-Sec: 22555146
Loop-Overhead: 3.4%
Adjusted-Used-Time: 11.828000006739
Bench-Points: 84.545
