Date: 2016-11-01 23:17:46
Test: ./benchmarks/hash/set.t
Perl: /usr/local/bin/perl5.12.5-nt 5.012005
Cycles: 9292720
User-Time: 11.3
System-Time: 0.02
Real-Time: 11.354
CPU: 100%
Cycles-Per-Sec: 820912
Empty-Cycles-Per-Sec: 21297296
Loop-Overhead: 3.9%
Adjusted-Used-Time: 10.8836666739289
Bench-Points: 91.881
