Date: 2016-11-01 23:17:58
Test: ./benchmarks/hash/set.t
Perl: /usr/local/bin/perl5.14.4-nt 5.014004
Cycles: 9292720
User-Time: 11.65
System-Time: 0.01
Real-Time: 11.679
CPU: 100%
Cycles-Per-Sec: 796974
Empty-Cycles-Per-Sec: 23329004
Loop-Overhead: 3.4%
Adjusted-Used-Time: 11.2616666635232
Bench-Points: 88.797
