Date: 2018-09-08 20:17:10
Test: /usr/local/lib/perl5/site_perl/5.26.1/PerlBench/benchmarks/hash/set.t
Perl: /usr/local/bin/perl5.14.4-nt 5.014004
Cycles: 10990850
User-Time: 16.07
System-Time: 0
Real-Time: 16.064
CPU: 100%
Cycles-Per-Sec: 683936
Empty-Cycles-Per-Sec: 16511042
Loop-Overhead: 4.1%
Adjusted-Used-Time: 15.4043333509781
Bench-Points: 64.917
