Date: 2019-06-14 11:01:22
Test: /usr/local/lib/perl5/site_perl/5.30.0/PerlBench/benchmarks/hash/set.t
Perl: /usr/local/bin/perl5.14.4-nt@g 5.014004
Cycles: 11611770
User-Time: 15.39
System-Time: 0
Real-Time: 15.392
CPU: 100%
Cycles-Per-Sec: 754501
Empty-Cycles-Per-Sec: 28115666
Loop-Overhead: 2.7%
Adjusted-Used-Time: 14.9770000020629
Bench-Points: 66.769
