Date: 2016-11-01 23:18:09
Test: ./benchmarks/hash/set.t
Perl: /usr/local/bin/perl5.16.3-nt 5.016003
Cycles: 9292720
User-Time: 12.05
System-Time: 0.01
Real-Time: 12.061
CPU: 100%
Cycles-Per-Sec: 770541
Empty-Cycles-Per-Sec: 22757682
Loop-Overhead: 3.4%
Adjusted-Used-Time: 11.6516666732578
Bench-Points: 85.825
