Date: 2016-11-01 23:18:21
Test: ./benchmarks/hash/set.t
Perl: /usr/local/bin/perl5.18.4-nt 5.018004
Cycles: 9292720
User-Time: 12.25
System-Time: 0.01
Real-Time: 12.275
CPU: 100%
Cycles-Per-Sec: 757971
Empty-Cycles-Per-Sec: 24627350
Loop-Overhead: 3.1%
Adjusted-Used-Time: 11.8826666693737
Bench-Points: 84.156
