Date: 2019-06-14 11:01:38
Test: /usr/local/lib/perl5/site_perl/5.30.0/PerlBench/benchmarks/hash/set.t
Perl: /usr/local/bin/perl5.18.4-nt 5.018004
Cycles: 11611770
User-Time: 16.63
System-Time: 0
Real-Time: 16.638
CPU: 100%
Cycles-Per-Sec: 698242
Empty-Cycles-Per-Sec: 30108306
Loop-Overhead: 2.3%
Adjusted-Used-Time: 16.2443333337983
Bench-Points: 61.56
