Date: 2016-11-01 23:18:34
Test: ./benchmarks/hash/set.t
Perl: /usr/local/bin/perl5.20.3-nt 5.020003
Cycles: 9292720
User-Time: 12.78
System-Time: 0.06
Real-Time: 13.315
CPU: 96%
Cycles-Per-Sec: 723732
Empty-Cycles-Per-Sec: 22832236
Loop-Overhead: 3.2%
Adjusted-Used-Time: 12.4330000022775
Bench-Points: 80.431
