Date: 2019-06-14 11:01:54
Test: /usr/local/lib/perl5/site_perl/5.30.0/PerlBench/benchmarks/hash/set.t
Perl: /usr/local/bin/perl5.22.4-nt 5.022004
Cycles: 11611770
User-Time: 15.34
System-Time: 0
Real-Time: 15.339
CPU: 100%
Cycles-Per-Sec: 756960
Empty-Cycles-Per-Sec: 29496452
Loop-Overhead: 2.6%
Adjusted-Used-Time: 14.9463333312088
Bench-Points: 66.906
