Date: 2019-06-14 11:02:10
Test: /usr/local/lib/perl5/site_perl/5.30.0/PerlBench/benchmarks/hash/set.t
Perl: /usr/local/bin/cperl5.22.5-nt 5.022005
Cycles: 11611770
User-Time: 13.08
System-Time: 0
Real-Time: 13.080
CPU: 100%
Cycles-Per-Sec: 887750
Empty-Cycles-Per-Sec: 32284810
Loop-Overhead: 2.7%
Adjusted-Used-Time: 12.7203333332301
Bench-Points: 78.614
