Date: 2016-11-01 23:18:47
Test: ./benchmarks/hash/set.t
Perl: /usr/local/bin/cperl5.22.2-nt 5.022002
Cycles: 9292720
User-Time: 10.37
System-Time: 0.09
Real-Time: 11.589
CPU: 90%
Cycles-Per-Sec: 888405
Empty-Cycles-Per-Sec: 25861002
Loop-Overhead: 3.4%
Adjusted-Used-Time: 10.1006666686774
Bench-Points: 99.003
