Date: 2018-09-08 20:17:26
Test: /usr/local/lib/perl5/site_perl/5.26.1/PerlBench/benchmarks/hash/set.t
Perl: /usr/local/bin/perl5.22.3-nt 5.022003
Cycles: 10990850
User-Time: 14.74
System-Time: 0
Real-Time: 14.738
CPU: 100%
Cycles-Per-Sec: 745648
Empty-Cycles-Per-Sec: 20166697
Loop-Overhead: 3.7%
Adjusted-Used-Time: 14.1949999933058
Bench-Points: 70.447
