Date: 2018-09-08 20:17:41
Test: /usr/local/lib/perl5/site_perl/5.26.1/PerlBench/benchmarks/hash/set.t
Perl: /usr/local/bin/cperl5.22.5-nt 5.022005
Cycles: 10990850
User-Time: 12.34
System-Time: 0
Real-Time: 12.340
CPU: 100%
Cycles-Per-Sec: 890669
Empty-Cycles-Per-Sec: 29439777
Loop-Overhead: 3.0%
Adjusted-Used-Time: 11.9666666693841
Bench-Points: 83.565
