Date: 2018-09-08 20:17:53
Test: /usr/local/lib/perl5/site_perl/5.26.1/PerlBench/benchmarks/hash/set.t
Perl: /usr/local/bin/perl5.24.3-nt 5.024003
Cycles: 10990850
User-Time: 14.04
System-Time: 0
Real-Time: 14.039
CPU: 100%
Cycles-Per-Sec: 782824
Empty-Cycles-Per-Sec: 22339126
Loop-Overhead: 3.5%
Adjusted-Used-Time: 13.5479999996419
Bench-Points: 73.812
