Date: 2016-11-01 23:19:22
Test: ./benchmarks/hash/set.t
Perl: /usr/local/bin/perl5.24.0-nt 5.024000
Cycles: 9292720
User-Time: 10.3
System-Time: 0.01
Real-Time: 10.347
CPU: 100%
Cycles-Per-Sec: 901331
Empty-Cycles-Per-Sec: 25413090
Loop-Overhead: 3.5%
Adjusted-Used-Time: 9.94433332979185
Bench-Points: 100.56
