Date: 2019-06-14 11:02:23
Test: /usr/local/lib/perl5/site_perl/5.30.0/PerlBench/benchmarks/hash/set.t
Perl: /usr/local/bin/perl5.24.4-nt 5.024004
Cycles: 11611770
User-Time: 14.68
System-Time: 0
Real-Time: 14.680
CPU: 100%
Cycles-Per-Sec: 790993
Empty-Cycles-Per-Sec: 22768176
Loop-Overhead: 3.5%
Adjusted-Used-Time: 14.169999989459
Bench-Points: 70.572
