Date: 2018-09-08 20:18:07
Test: /usr/local/lib/perl5/site_perl/5.26.1/PerlBench/benchmarks/hash/set.t
Perl: /usr/local/bin/cperl5.24.3-nt 5.024003
Cycles: 10990850
User-Time: 12.17
System-Time: 0
Real-Time: 12.170
CPU: 100%
Cycles-Per-Sec: 903110
Empty-Cycles-Per-Sec: 29785501
Loop-Overhead: 3.0%
Adjusted-Used-Time: 11.8009999956019
Bench-Points: 84.739
