Date: 2016-11-01 23:19:12
Test: ./benchmarks/hash/set.t
Perl: /usr/local/bin/cperl5.24.0-nt 5.024000
Cycles: 9292720
User-Time: 9.44
System-Time: 0.04
Real-Time: 9.572
CPU: 99%
Cycles-Per-Sec: 980245
Empty-Cycles-Per-Sec: 26250621
Loop-Overhead: 3.7%
Adjusted-Used-Time: 9.12599999367634
Bench-Points: 109.58
