Date: 2019-06-14 11:02:38
Test: /usr/local/lib/perl5/site_perl/5.30.0/PerlBench/benchmarks/hash/set.t
Perl: /usr/local/bin/cperl5.24.4-nt 5.024004
Cycles: 11611770
User-Time: 12.7
System-Time: 0
Real-Time: 12.695
CPU: 100%
Cycles-Per-Sec: 914313
Empty-Cycles-Per-Sec: 32435112
Loop-Overhead: 2.8%
Adjusted-Used-Time: 12.3420000029598
Bench-Points: 81.024
