Date: 2016-11-01 23:19:41
Test: ./benchmarks/hash/set.t
Perl: /usr/local/bin/perl5.25.3-nt 5.025003
Cycles: 9292720
User-Time: 10.46
System-Time: 0.04
Real-Time: 10.549
CPU: 100%
Cycles-Per-Sec: 885021
Empty-Cycles-Per-Sec: 25765397
Loop-Overhead: 3.4%
Adjusted-Used-Time: 10.1393333275633
Bench-Points: 98.626
