Date: 2016-11-01 23:19:32
Test: ./benchmarks/hash/set.t
Perl: /usr/local/bin/cperl5.25.2-nt 5.025002
Cycles: 9292720
User-Time: 9
System-Time: 0.01
Real-Time: 9.027
CPU: 100%
Cycles-Per-Sec: 1031378
Empty-Cycles-Per-Sec: 25413090
Loop-Overhead: 4.1%
Adjusted-Used-Time: 8.64433332979185
Bench-Points: 115.68
