Date: 2019-06-14 11:02:50
Test: /usr/local/lib/perl5/site_perl/5.30.0/PerlBench/benchmarks/hash/set.t
Perl: /usr/local/bin/perl5.26.3-nt 5.026003
Cycles: 11611770
User-Time: 15.13
System-Time: 0
Real-Time: 15.135
CPU: 100%
Cycles-Per-Sec: 767467
Empty-Cycles-Per-Sec: 32254917
Loop-Overhead: 2.4%
Adjusted-Used-Time: 14.7700000037204
Bench-Points: 67.705
