Date: 2019-06-14 11:03:05
Test: /usr/local/lib/perl5/site_perl/5.30.0/PerlBench/benchmarks/hash/set.t
Perl: /usr/local/bin/cperl5.26.5-nt 5.026005
Cycles: 11611770
User-Time: 12.35
System-Time: 0
Real-Time: 12.354
CPU: 100%
Cycles-Per-Sec: 940224
Empty-Cycles-Per-Sec: 22005881
Loop-Overhead: 4.3%
Adjusted-Used-Time: 11.8223333276227
Bench-Points: 84.586
