Date: 2018-09-08 20:18:19
Test: /usr/local/lib/perl5/site_perl/5.26.1/PerlBench/benchmarks/hash/set.t
Perl: /usr/local/bin/perl5.26.2-nt 5.026002
Cycles: 10990850
User-Time: 13.87
System-Time: 0
Real-Time: 13.870
CPU: 100%
Cycles-Per-Sec: 792419
Empty-Cycles-Per-Sec: 32710863
Loop-Overhead: 2.4%
Adjusted-Used-Time: 13.5339999990217
Bench-Points: 73.888
