Date: 2018-09-08 20:18:33
Test: /usr/local/lib/perl5/site_perl/5.26.1/PerlBench/benchmarks/hash/set.t
Perl: /usr/local/bin/cperl5.26.2-nt 5.026002
Cycles: 10990850
User-Time: 11.95
System-Time: 0
Real-Time: 11.946
CPU: 100%
Cycles-Per-Sec: 919736
Empty-Cycles-Per-Sec: 27340423
Loop-Overhead: 3.4%
Adjusted-Used-Time: 11.5480000016825
Bench-Points: 86.595
