Date: 2018-09-08 20:18:57
Test: /usr/local/lib/perl5/site_perl/5.26.1/PerlBench/benchmarks/hash/set.t
Perl: /usr/local/bin/cperl5.28.0-nt 5.028000
Cycles: 10990850
User-Time: 12.08
System-Time: 0
Real-Time: 12.073
CPU: 100%
Cycles-Per-Sec: 909839
Empty-Cycles-Per-Sec: 23302155
Loop-Overhead: 3.9%
Adjusted-Used-Time: 11.6083333236776
Bench-Points: 86.145
