Date: 2019-06-14 11:03:30
Test: /usr/local/lib/perl5/site_perl/5.30.0/PerlBench/benchmarks/hash/set.t
Perl: /usr/local/bin/cperl5.28.2-nt 5.028002
Cycles: 11611770
User-Time: 13
System-Time: 0
Real-Time: 13.007
CPU: 100%
Cycles-Per-Sec: 893213
Empty-Cycles-Per-Sec: 22738453
Loop-Overhead: 3.9%
Adjusted-Used-Time: 12.4893333332747
Bench-Points: 80.068
