Date: 2018-09-08 20:18:45
Test: /usr/local/lib/perl5/site_perl/5.26.1/PerlBench/benchmarks/hash/set.t
Perl: /usr/local/bin/perl5.28.0-nt 5.028000
Cycles: 10990850
User-Time: 11.31
System-Time: 0
Real-Time: 11.307
CPU: 100%
Cycles-Per-Sec: 971782
Empty-Cycles-Per-Sec: 29179248
Loop-Overhead: 3.3%
Adjusted-Used-Time: 10.933333336075
Bench-Points: 91.463
