Date: 2019-06-14 11:03:18
Test: /usr/local/lib/perl5/site_perl/5.30.0/PerlBench/benchmarks/hash/set.t
Perl: /usr/local/bin/perl5.28.2-nt 5.028002
Cycles: 11611770
User-Time: 11.99
System-Time: 0
Real-Time: 11.985
CPU: 100%
Cycles-Per-Sec: 968455
Empty-Cycles-Per-Sec: 22358992
Loop-Overhead: 4.3%
Adjusted-Used-Time: 11.4706666597492
Bench-Points: 87.179
