Date: 2019-06-14 11:03:55
Test: /usr/local/lib/perl5/site_perl/5.30.0/PerlBench/benchmarks/hash/set.t
Perl: /usr/local/bin/cperl5.30.0-nt 5.030000
Cycles: 11611770
User-Time: 12.55
System-Time: 0
Real-Time: 12.556
CPU: 100%
Cycles-Per-Sec: 925241
Empty-Cycles-Per-Sec: 33463314
Loop-Overhead: 2.8%
Adjusted-Used-Time: 12.2029999987449
Bench-Points: 81.947
