Date: 2019-06-14 11:03:43
Test: /usr/local/lib/perl5/site_perl/5.30.0/PerlBench/benchmarks/hash/set.t
Perl: /usr/local/bin/perl5.30.0-nt 5.030000
Cycles: 11611770
User-Time: 12.4
System-Time: 0
Real-Time: 12.393
CPU: 100%
Cycles-Per-Sec: 936433
Empty-Cycles-Per-Sec: 31900467
Loop-Overhead: 2.9%
Adjusted-Used-Time: 12.0359999996238
Bench-Points: 83.084
