Date: 2019-06-14 11:00:50
Test: /usr/local/lib/perl5/site_perl/5.30.0/PerlBench/benchmarks/hash/set.t
Perl: /usr/local/bin/perl5.6.2-nt 5.006002
Cycles: 11611770
User-Time: 14.54
System-Time: 0
Real-Time: 14
CPU: 104%
Cycles-Per-Sec: 798609
Empty-Cycles-Per-Sec: 19256667
Loop-Overhead: 4.1%
Adjusted-Used-Time: 13.9370000104379
Bench-Points: 71.751
