Date: 2019-06-14 11:01:04
Test: /usr/local/lib/perl5/site_perl/5.30.0/PerlBench/benchmarks/hash/set.t
Perl: /usr/local/bin/perl5.8.9-nt 5.008009
Cycles: 11611770
User-Time: 18.03
System-Time: 0
Real-Time: 18.028
CPU: 100%
Cycles-Per-Sec: 644025
Empty-Cycles-Per-Sec: 20527584
Loop-Overhead: 3.1%
Adjusted-Used-Time: 17.4643333341128
Bench-Points: 57.26
