Date: 2016-11-01 23:17:23
Test: ./benchmarks/hash/set.t
Perl: /usr/local/bin/perl5.8.8-nt 5.008008
Cycles: 9292720
User-Time: 10.94
System-Time: 0.04
Real-Time: 11.019
CPU: 100%
Cycles-Per-Sec: 846332
Empty-Cycles-Per-Sec: 23135402
Loop-Overhead: 3.7%
Adjusted-Used-Time: 10.5783333248327
Bench-Points: 94.533
