Date: 2016-11-01 23:02:31
Test: ./benchmarks/call/method.t
Perl: /usr/local/bin/perl5.10.1-nt 5.010001
Cycles: 9292720
User-Time: 11.81
System-Time: 0.03
Real-Time: 11.864
CPU: 100%
Cycles-Per-Sec: 784858
Empty-Cycles-Per-Sec: 22555146
Loop-Overhead: 3.5%
Adjusted-Used-Time: 11.428000006739
Bench-Points: 87.504
