Date: 2016-11-01 23:02:43
Test: ./benchmarks/call/method.t
Perl: /usr/local/bin/perl5.12.5-nt 5.012005
Cycles: 9292720
User-Time: 11.43
System-Time: 0.03
Real-Time: 11.497
CPU: 100%
Cycles-Per-Sec: 810883
Empty-Cycles-Per-Sec: 21297296
Loop-Overhead: 3.8%
Adjusted-Used-Time: 11.0236666739289
Bench-Points: 90.714
