Date: 2016-11-01 23:02:55
Test: ./benchmarks/call/method.t
Perl: /usr/local/bin/perl5.14.4-nt 5.014004
Cycles: 9292720
User-Time: 11.15
System-Time: 0.03
Real-Time: 11.219
CPU: 100%
Cycles-Per-Sec: 831191
Empty-Cycles-Per-Sec: 23329004
Loop-Overhead: 3.6%
Adjusted-Used-Time: 10.7816666635232
Bench-Points: 92.75
