Date: 2019-06-14 10:41:24
Test: /usr/local/lib/perl5/site_perl/5.30.0/PerlBench/benchmarks/call/method.t
Perl: /usr/local/bin/perl5.14.4-nt@g 5.014004
Cycles: 11611770
User-Time: 14.94
System-Time: 0
Real-Time: 14.942
CPU: 100%
Cycles-Per-Sec: 777227
Empty-Cycles-Per-Sec: 28115666
Loop-Overhead: 2.8%
Adjusted-Used-Time: 14.5270000020629
Bench-Points: 68.837
