Date: 2016-11-01 23:03:06
Test: ./benchmarks/call/method.t
Perl: /usr/local/bin/perl5.16.3-nt 5.016003
Cycles: 9292720
User-Time: 10.99
System-Time: 0.02
Real-Time: 11.048
CPU: 100%
Cycles-Per-Sec: 844025
Empty-Cycles-Per-Sec: 22757682
Loop-Overhead: 3.7%
Adjusted-Used-Time: 10.6016666732578
Bench-Points: 94.325
