Date: 2016-11-01 23:03:17
Test: ./benchmarks/call/method.t
Perl: /usr/local/bin/perl5.18.4-nt 5.018004
Cycles: 9292720
User-Time: 10.52
System-Time: 0.03
Real-Time: 10.601
CPU: 100%
Cycles-Per-Sec: 880827
Empty-Cycles-Per-Sec: 24627350
Loop-Overhead: 3.6%
Adjusted-Used-Time: 10.1726666693737
Bench-Points: 98.303
