Date: 2016-11-01 23:03:28
Test: ./benchmarks/call/method.t
Perl: /usr/local/bin/perl5.20.3-nt 5.020003
Cycles: 9292720
User-Time: 10.14
System-Time: 0.03
Real-Time: 10.196
CPU: 100%
Cycles-Per-Sec: 913738
Empty-Cycles-Per-Sec: 22832236
Loop-Overhead: 4.0%
Adjusted-Used-Time: 9.76300000227748
Bench-Points: 102.43
