Date: 2019-06-14 10:41:54
Test: /usr/local/lib/perl5/site_perl/5.30.0/PerlBench/benchmarks/call/method.t
Perl: /usr/local/bin/perl5.22.4-nt 5.022004
Cycles: 11611770
User-Time: 15.24
System-Time: 0
Real-Time: 15.244
CPU: 100%
Cycles-Per-Sec: 761927
Empty-Cycles-Per-Sec: 29496452
Loop-Overhead: 2.6%
Adjusted-Used-Time: 14.8463333312088
Bench-Points: 67.357
