Date: 2019-06-14 10:42:09
Test: /usr/local/lib/perl5/site_perl/5.30.0/PerlBench/benchmarks/call/method.t
Perl: /usr/local/bin/cperl5.22.5-nt 5.022005
Cycles: 11611770
User-Time: 13.8
System-Time: 0
Real-Time: 13.805
CPU: 100%
Cycles-Per-Sec: 841433
Empty-Cycles-Per-Sec: 32284810
Loop-Overhead: 2.6%
Adjusted-Used-Time: 13.4403333332301
Bench-Points: 74.403
