Date: 2016-11-01 23:03:38
Test: ./benchmarks/call/method.t
Perl: /usr/local/bin/cperl5.22.2-nt 5.022002
Cycles: 9292720
User-Time: 9.81
System-Time: 0.02
Real-Time: 9.855
CPU: 100%
Cycles-Per-Sec: 945343
Empty-Cycles-Per-Sec: 25861002
Loop-Overhead: 3.7%
Adjusted-Used-Time: 9.47066666867742
Bench-Points: 105.59
