Date: 2018-09-08 20:05:38
Test: /usr/local/lib/perl5/site_perl/5.26.1/PerlBench/benchmarks/call/method.t
Perl: /usr/local/bin/cperl5.22.5-nt 5.022005
Cycles: 10990850
User-Time: 13.68
System-Time: 0
Real-Time: 13.675
CPU: 100%
Cycles-Per-Sec: 803425
Empty-Cycles-Per-Sec: 29439777
Loop-Overhead: 2.7%
Adjusted-Used-Time: 13.3066666693841
Bench-Points: 75.15
