Date: 2018-09-08 20:05:24
Test: /usr/local/lib/perl5/site_perl/5.26.1/PerlBench/benchmarks/call/method.t
Perl: /usr/local/bin/perl5.22.3-nt 5.022003
Cycles: 10990850
User-Time: 13.98
System-Time: 0
Real-Time: 13.977
CPU: 100%
Cycles-Per-Sec: 786184
Empty-Cycles-Per-Sec: 20166697
Loop-Overhead: 3.9%
Adjusted-Used-Time: 13.4349999933058
Bench-Points: 74.432
