Date: 2016-11-01 23:04:06
Test: ./benchmarks/call/method.t
Perl: /usr/local/bin/perl5.24.0-nt 5.024000
Cycles: 9292720
User-Time: 7.84
System-Time: 0.02
Real-Time: 7.894
CPU: 100%
Cycles-Per-Sec: 1182280
Empty-Cycles-Per-Sec: 25413090
Loop-Overhead: 4.7%
Adjusted-Used-Time: 7.49433332979185
Bench-Points: 133.43
