Date: 2019-06-14 10:42:35
Test: /usr/local/lib/perl5/site_perl/5.30.0/PerlBench/benchmarks/call/method.t
Perl: /usr/local/bin/cperl5.24.4-nt 5.024004
Cycles: 11611770
User-Time: 12.62
System-Time: 0
Real-Time: 12.623
CPU: 100%
Cycles-Per-Sec: 920109
Empty-Cycles-Per-Sec: 32435112
Loop-Overhead: 2.8%
Adjusted-Used-Time: 12.2620000029598
Bench-Points: 81.553
