Date: 2018-09-08 20:06:04
Test: /usr/local/lib/perl5/site_perl/5.26.1/PerlBench/benchmarks/call/method.t
Perl: /usr/local/bin/cperl5.24.3-nt 5.024003
Cycles: 10990850
User-Time: 11.78
System-Time: 0
Real-Time: 11.788
CPU: 100%
Cycles-Per-Sec: 933009
Empty-Cycles-Per-Sec: 29785501
Loop-Overhead: 3.1%
Adjusted-Used-Time: 11.4109999956019
Bench-Points: 87.635
