Date: 2016-11-01 23:03:58
Test: ./benchmarks/call/method.t
Perl: /usr/local/bin/cperl5.24.0-nt 5.024000
Cycles: 9292720
User-Time: 8.02
System-Time: 0.01
Real-Time: 8.048
CPU: 100%
Cycles-Per-Sec: 1157250
Empty-Cycles-Per-Sec: 26250621
Loop-Overhead: 4.4%
Adjusted-Used-Time: 7.67599999367634
Bench-Points: 130.28
