Date: 2019-06-14 10:42:23
Test: /usr/local/lib/perl5/site_perl/5.30.0/PerlBench/benchmarks/call/method.t
Perl: /usr/local/bin/perl5.24.4-nt 5.024004
Cycles: 11611770
User-Time: 11.77
System-Time: 0
Real-Time: 11.771
CPU: 100%
Cycles-Per-Sec: 986556
Empty-Cycles-Per-Sec: 22768176
Loop-Overhead: 4.3%
Adjusted-Used-Time: 11.259999989459
Bench-Points: 88.81
