Date: 2018-09-08 20:05:51
Test: /usr/local/lib/perl5/site_perl/5.26.1/PerlBench/benchmarks/call/method.t
Perl: /usr/local/bin/perl5.24.3-nt 5.024003
Cycles: 10990850
User-Time: 12.19
System-Time: 0
Real-Time: 12.188
CPU: 100%
Cycles-Per-Sec: 901628
Empty-Cycles-Per-Sec: 22339126
Loop-Overhead: 4.0%
Adjusted-Used-Time: 11.6979999996419
Bench-Points: 85.485
