Date: 2016-11-01 23:04:14
Test: ./benchmarks/call/method.t
Perl: /usr/local/bin/cperl5.25.2-nt 5.025002
Cycles: 9292720
User-Time: 8.27
System-Time: 0.04
Real-Time: 8.368
CPU: 99%
Cycles-Per-Sec: 1118258
Empty-Cycles-Per-Sec: 25413090
Loop-Overhead: 4.4%
Adjusted-Used-Time: 7.94433332979185
Bench-Points: 125.88
