Date: 2016-11-01 23:04:23
Test: ./benchmarks/call/method.t
Perl: /usr/local/bin/perl5.25.3-nt 5.025003
Cycles: 9292720
User-Time: 7.74
System-Time: 0.02
Real-Time: 7.799
CPU: 99%
Cycles-Per-Sec: 1197515
Empty-Cycles-Per-Sec: 25765397
Loop-Overhead: 4.6%
Adjusted-Used-Time: 7.39933332756332
Bench-Points: 135.15
