Date: 2018-09-08 20:06:15
Test: /usr/local/lib/perl5/site_perl/5.26.1/PerlBench/benchmarks/call/method.t
Perl: /usr/local/bin/perl5.26.2-nt 5.026002
Cycles: 10990850
User-Time: 11.27
System-Time: 0
Real-Time: 11.268
CPU: 100%
Cycles-Per-Sec: 975231
Empty-Cycles-Per-Sec: 32710863
Loop-Overhead: 3.0%
Adjusted-Used-Time: 10.9339999990217
Bench-Points: 91.458
