Date: 2019-06-14 10:42:47
Test: /usr/local/lib/perl5/site_perl/5.30.0/PerlBench/benchmarks/call/method.t
Perl: /usr/local/bin/perl5.26.3-nt 5.026003
Cycles: 11611770
User-Time: 10.84
System-Time: 0
Real-Time: 10.845
CPU: 100%
Cycles-Per-Sec: 1071196
Empty-Cycles-Per-Sec: 32254917
Loop-Overhead: 3.3%
Adjusted-Used-Time: 10.4800000037204
Bench-Points: 95.42
