Date: 2019-06-14 10:42:58
Test: /usr/local/lib/perl5/site_perl/5.30.0/PerlBench/benchmarks/call/method.t
Perl: /usr/local/bin/cperl5.26.5-nt 5.026005
Cycles: 11611770
User-Time: 11.06
System-Time: 0
Real-Time: 11.056
CPU: 100%
Cycles-Per-Sec: 1049889
Empty-Cycles-Per-Sec: 22005881
Loop-Overhead: 4.8%
Adjusted-Used-Time: 10.5323333276227
Bench-Points: 94.946
