Date: 2018-09-08 20:06:27
Test: /usr/local/lib/perl5/site_perl/5.26.1/PerlBench/benchmarks/call/method.t
Perl: /usr/local/bin/cperl5.26.2-nt 5.026002
Cycles: 10990850
User-Time: 11.26
System-Time: 0
Real-Time: 11.262
CPU: 100%
Cycles-Per-Sec: 976097
Empty-Cycles-Per-Sec: 27340423
Loop-Overhead: 3.6%
Adjusted-Used-Time: 10.8580000016825
Bench-Points: 92.098
