Date: 2018-09-08 20:06:38
Test: /usr/local/lib/perl5/site_perl/5.26.1/PerlBench/benchmarks/call/method.t
Perl: /usr/local/bin/perl5.28.0-nt 5.028000
Cycles: 10990850
User-Time: 10.26
System-Time: 0
Real-Time: 10.264
CPU: 100%
Cycles-Per-Sec: 1071233
Empty-Cycles-Per-Sec: 29179248
Loop-Overhead: 3.7%
Adjusted-Used-Time: 9.88333333607501
Bench-Points: 101.18
