Date: 2019-06-14 10:43:20
Test: /usr/local/lib/perl5/site_perl/5.30.0/PerlBench/benchmarks/call/method.t
Perl: /usr/local/bin/cperl5.28.2-nt 5.028002
Cycles: 11611770
User-Time: 12.38
System-Time: 0
Real-Time: 12.375
CPU: 100%
Cycles-Per-Sec: 937946
Empty-Cycles-Per-Sec: 22738453
Loop-Overhead: 4.1%
Adjusted-Used-Time: 11.8693333332747
Bench-Points: 84.251
