Date: 2018-09-08 20:06:48
Test: /usr/local/lib/perl5/site_perl/5.26.1/PerlBench/benchmarks/call/method.t
Perl: /usr/local/bin/cperl5.28.0-nt 5.028000
Cycles: 10990850
User-Time: 11.06
System-Time: 0
Real-Time: 11.062
CPU: 100%
Cycles-Per-Sec: 993748
Empty-Cycles-Per-Sec: 23302155
Loop-Overhead: 4.3%
Adjusted-Used-Time: 10.5883333236776
Bench-Points: 94.444
