Date: 2019-06-14 10:43:09
Test: /usr/local/lib/perl5/site_perl/5.30.0/PerlBench/benchmarks/call/method.t
Perl: /usr/local/bin/perl5.28.2-nt 5.028002
Cycles: 11611770
User-Time: 11.14
System-Time: 0
Real-Time: 11.139
CPU: 100%
Cycles-Per-Sec: 1042349
Empty-Cycles-Per-Sec: 22358992
Loop-Overhead: 4.7%
Adjusted-Used-Time: 10.6206666597492
Bench-Points: 94.156
