Date: 2019-06-14 10:43:33
Test: /usr/local/lib/perl5/site_perl/5.30.0/PerlBench/benchmarks/call/method.t
Perl: /usr/local/bin/perl5.30.0-nt 5.030000
Cycles: 11611770
User-Time: 11.15
System-Time: 0
Real-Time: 11.146
CPU: 100%
Cycles-Per-Sec: 1041414
Empty-Cycles-Per-Sec: 31900467
Loop-Overhead: 3.3%
Adjusted-Used-Time: 10.7859999996238
Bench-Points: 92.713
