Date: 2019-06-14 10:43:44
Test: /usr/local/lib/perl5/site_perl/5.30.0/PerlBench/benchmarks/call/method.t
Perl: /usr/local/bin/cperl5.30.0-nt 5.030000
Cycles: 11611770
User-Time: 11.25
System-Time: 0
Real-Time: 11.248
CPU: 100%
Cycles-Per-Sec: 1032157
Empty-Cycles-Per-Sec: 33463314
Loop-Overhead: 3.1%
Adjusted-Used-Time: 10.9029999987449
Bench-Points: 91.718
