Date: 2016-11-01 23:02:20
Test: ./benchmarks/call/method.t
Perl: /usr/local/bin/perl5.8.8-nt 5.008008
Cycles: 9292720
User-Time: 11.47
System-Time: 0.03
Real-Time: 11.527
CPU: 100%
Cycles-Per-Sec: 808063
Empty-Cycles-Per-Sec: 23135402
Loop-Overhead: 3.5%
Adjusted-Used-Time: 11.0983333248327
Bench-Points: 90.104
