Date: 2019-06-14 10:41:09
Test: /usr/local/lib/perl5/site_perl/5.30.0/PerlBench/benchmarks/call/method.t
Perl: /usr/local/bin/perl5.8.9-nt 5.008009
Cycles: 11611770
User-Time: 14.65
System-Time: 0
Real-Time: 14.654
CPU: 100%
Cycles-Per-Sec: 792612
Empty-Cycles-Per-Sec: 20527584
Loop-Overhead: 3.9%
Adjusted-Used-Time: 14.0843333341128
Bench-Points: 71.001
