Date: 2016-11-01 19:11:27
Test: ./benchmarks/arith/trig.t
Perl: /usr/local/bin/perl5.10.1-nt 5.010001
Cycles: 13939080
User-Time: 11.78
System-Time: 0.02
Real-Time: 11.821
CPU: 100%
Cycles-Per-Sec: 1181278
Empty-Cycles-Per-Sec: 22555146
Loop-Overhead: 5.2%
Adjusted-Used-Time: 11.1820000101086
Bench-Points: 89.429
