Date: 2016-11-01 19:11:39
Test: ./benchmarks/arith/trig.t
Perl: /usr/local/bin/perl5.12.5-nt 5.012005
Cycles: 13939080
User-Time: 11.71
System-Time: 0.01
Real-Time: 11.732
CPU: 100%
Cycles-Per-Sec: 1189341
Empty-Cycles-Per-Sec: 21297296
Loop-Overhead: 5.6%
Adjusted-Used-Time: 11.0655000108934
Bench-Points: 90.371
