Date: 2018-09-08 19:40:50
Test: /usr/local/lib/perl5/site_perl/5.26.1/PerlBench/benchmarks/arith/trig.t
Perl: /usr/local/bin/perl5.14.4-nt 5.014004
Cycles: 16486275
User-Time: 16.36
System-Time: 0
Real-Time: 16.357
CPU: 100%
Cycles-Per-Sec: 1007719
Empty-Cycles-Per-Sec: 16511042
Loop-Overhead: 6.1%
Adjusted-Used-Time: 15.3615000264671
Bench-Points: 65.098
