Date: 2019-06-14 10:01:30
Test: /usr/local/lib/perl5/site_perl/5.30.0/PerlBench/benchmarks/arith/trig.t
Perl: /usr/local/bin/perl5.14.4-nt@g 5.014004
Cycles: 17417655
User-Time: 14.07
System-Time: 0
Real-Time: 14.067
CPU: 100%
Cycles-Per-Sec: 1237929
Empty-Cycles-Per-Sec: 28115666
Loop-Overhead: 4.4%
Adjusted-Used-Time: 13.4505000030944
Bench-Points: 74.347
