Date: 2016-11-01 19:11:51
Test: ./benchmarks/arith/trig.t
Perl: /usr/local/bin/perl5.14.4-nt 5.014004
Cycles: 13939080
User-Time: 10.39
System-Time: 0.01
Real-Time: 10.414
CPU: 100%
Cycles-Per-Sec: 1340296
Empty-Cycles-Per-Sec: 23329004
Loop-Overhead: 5.7%
Adjusted-Used-Time: 9.80249999528484
Bench-Points: 102.01
