Date: 2016-11-01 19:12:01
Test: ./benchmarks/arith/trig.t
Perl: /usr/local/bin/perl5.16.3-nt 5.016003
Cycles: 13939080
User-Time: 10.42
System-Time: 0.01
Real-Time: 10.445
CPU: 100%
Cycles-Per-Sec: 1336441
Empty-Cycles-Per-Sec: 22757682
Loop-Overhead: 5.9%
Adjusted-Used-Time: 9.81750000988677
Bench-Points: 101.86
