Date: 2016-11-01 19:12:11
Test: ./benchmarks/arith/trig.t
Perl: /usr/local/bin/perl5.18.4-nt 5.018004
Cycles: 13939080
User-Time: 10.16
System-Time: 0.01
Real-Time: 10.182
CPU: 100%
Cycles-Per-Sec: 1370608
Empty-Cycles-Per-Sec: 24627350
Loop-Overhead: 5.6%
Adjusted-Used-Time: 9.60400000406053
Bench-Points: 104.12
