Date: 2019-06-14 10:01:44
Test: /usr/local/lib/perl5/site_perl/5.30.0/PerlBench/benchmarks/arith/trig.t
Perl: /usr/local/bin/perl5.18.4-nt 5.018004
Cycles: 17417655
User-Time: 13.96
System-Time: 0
Real-Time: 13.968
CPU: 100%
Cycles-Per-Sec: 1247683
Empty-Cycles-Per-Sec: 30108306
Loop-Overhead: 4.1%
Adjusted-Used-Time: 13.3815000006975
Bench-Points: 74.73
