Date: 2016-11-01 19:12:22
Test: ./benchmarks/arith/trig.t
Perl: /usr/local/bin/perl5.20.3-nt 5.020003
Cycles: 13939080
User-Time: 10.3
System-Time: 0.01
Real-Time: 10.319
CPU: 100%
Cycles-Per-Sec: 1351996
Empty-Cycles-Per-Sec: 22832236
Loop-Overhead: 5.9%
Adjusted-Used-Time: 9.69950000341622
Bench-Points: 103.1
