Date: 2019-06-14 10:01:58
Test: /usr/local/lib/perl5/site_perl/5.30.0/PerlBench/benchmarks/arith/trig.t
Perl: /usr/local/bin/perl5.22.4-nt 5.022004
Cycles: 17417655
User-Time: 16.81
System-Time: 0
Real-Time: 16.811
CPU: 100%
Cycles-Per-Sec: 1036148
Empty-Cycles-Per-Sec: 29496452
Loop-Overhead: 3.5%
Adjusted-Used-Time: 16.2194999968132
Bench-Points: 61.654
