Date: 2019-06-14 10:02:15
Test: /usr/local/lib/perl5/site_perl/5.30.0/PerlBench/benchmarks/arith/trig.t
Perl: /usr/local/bin/cperl5.22.5-nt 5.022005
Cycles: 17417655
User-Time: 14.05
System-Time: 0
Real-Time: 14.051
CPU: 100%
Cycles-Per-Sec: 1239691
Empty-Cycles-Per-Sec: 32284810
Loop-Overhead: 3.8%
Adjusted-Used-Time: 13.5104999998451
Bench-Points: 74.017
