Date: 2018-09-08 19:41:23
Test: /usr/local/lib/perl5/site_perl/5.26.1/PerlBench/benchmarks/arith/trig.t
Perl: /usr/local/bin/cperl5.22.5-nt 5.022005
Cycles: 16486275
User-Time: 16.01
System-Time: 0
Real-Time: 16.037
CPU: 100%
Cycles-Per-Sec: 1029749
Empty-Cycles-Per-Sec: 29439777
Loop-Overhead: 3.5%
Adjusted-Used-Time: 15.4500000040761
Bench-Points: 64.725
