Date: 2018-09-08 19:41:07
Test: /usr/local/lib/perl5/site_perl/5.26.1/PerlBench/benchmarks/arith/trig.t
Perl: /usr/local/bin/perl5.22.3-nt 5.022003
Cycles: 16486275
User-Time: 16.15
System-Time: 0
Real-Time: 16.166
CPU: 100%
Cycles-Per-Sec: 1020822
Empty-Cycles-Per-Sec: 20166697
Loop-Overhead: 5.1%
Adjusted-Used-Time: 15.3324999899587
Bench-Points: 65.221
