Date: 2016-11-01 19:12:32
Test: ./benchmarks/arith/trig.t
Perl: /usr/local/bin/cperl5.22.2-nt 5.022002
Cycles: 13939080
User-Time: 9.24
System-Time: 0.01
Real-Time: 9.272
CPU: 100%
Cycles-Per-Sec: 1506928
Empty-Cycles-Per-Sec: 25861002
Loop-Overhead: 5.8%
Adjusted-Used-Time: 8.71100000301612
Bench-Points: 114.8
