Date: 2019-06-14 10:02:42
Test: /usr/local/lib/perl5/site_perl/5.30.0/PerlBench/benchmarks/arith/trig.t
Perl: /usr/local/bin/cperl5.24.4-nt 5.024004
Cycles: 17417655
User-Time: 13.87
System-Time: 0
Real-Time: 13.869
CPU: 100%
Cycles-Per-Sec: 1255779
Empty-Cycles-Per-Sec: 32435112
Loop-Overhead: 3.9%
Adjusted-Used-Time: 13.3330000044396
Bench-Points: 75.002
