Date: 2019-06-14 10:02:29
Test: /usr/local/lib/perl5/site_perl/5.30.0/PerlBench/benchmarks/arith/trig.t
Perl: /usr/local/bin/perl5.24.4-nt 5.024004
Cycles: 17417655
User-Time: 12.91
System-Time: 0
Real-Time: 12.907
CPU: 100%
Cycles-Per-Sec: 1349160
Empty-Cycles-Per-Sec: 22768176
Loop-Overhead: 5.9%
Adjusted-Used-Time: 12.1449999841885
Bench-Points: 82.338
