Date: 2018-09-08 19:41:52
Test: /usr/local/lib/perl5/site_perl/5.26.1/PerlBench/benchmarks/arith/trig.t
Perl: /usr/local/bin/cperl5.24.3-nt 5.024003
Cycles: 16486275
User-Time: 14.74
System-Time: 0
Real-Time: 14.742
CPU: 100%
Cycles-Per-Sec: 1118472
Empty-Cycles-Per-Sec: 29785501
Loop-Overhead: 3.8%
Adjusted-Used-Time: 14.1864999934028
Bench-Points: 70.49
