Date: 2018-09-08 19:41:39
Test: /usr/local/lib/perl5/site_perl/5.26.1/PerlBench/benchmarks/arith/trig.t
Perl: /usr/local/bin/perl5.24.3-nt 5.024003
Cycles: 16486275
User-Time: 12.85
System-Time: 0
Real-Time: 12.842
CPU: 100%
Cycles-Per-Sec: 1282979
Empty-Cycles-Per-Sec: 22339126
Loop-Overhead: 5.7%
Adjusted-Used-Time: 12.1119999994628
Bench-Points: 82.563
