Date: 2016-11-01 19:13:01
Test: ./benchmarks/arith/trig.t
Perl: /usr/local/bin/perl5.24.0-nt 5.024000
Cycles: 13939080
User-Time: 8.03
System-Time: 0.01
Real-Time: 8.042
CPU: 100%
Cycles-Per-Sec: 1733716
Empty-Cycles-Per-Sec: 25413090
Loop-Overhead: 6.8%
Adjusted-Used-Time: 7.49149999468778
Bench-Points: 133.48
