Date: 2016-11-01 19:12:52
Test: ./benchmarks/arith/trig.t
Perl: /usr/local/bin/cperl5.24.0-nt 5.024000
Cycles: 13939080
User-Time: 8.89
System-Time: 0.02
Real-Time: 8.932
CPU: 100%
Cycles-Per-Sec: 1564431
Empty-Cycles-Per-Sec: 26250621
Loop-Overhead: 6.0%
Adjusted-Used-Time: 8.37899999051451
Bench-Points: 119.35
