Date: 2016-11-01 19:13:18
Test: ./benchmarks/arith/trig.t
Perl: /usr/local/bin/perl5.25.3-nt 5.025003
Cycles: 13939080
User-Time: 7.88
System-Time: 0.01
Real-Time: 7.904
CPU: 100%
Cycles-Per-Sec: 1766677
Empty-Cycles-Per-Sec: 25765397
Loop-Overhead: 6.9%
Adjusted-Used-Time: 7.34899999134498
Bench-Points: 136.07
