Date: 2016-11-01 19:13:09
Test: ./benchmarks/arith/trig.t
Perl: /usr/local/bin/cperl5.25.2-nt 5.025002
Cycles: 13939080
User-Time: 8.92
System-Time: 0.01
Real-Time: 8.952
CPU: 100%
Cycles-Per-Sec: 1560927
Empty-Cycles-Per-Sec: 25413090
Loop-Overhead: 6.1%
Adjusted-Used-Time: 8.38149999468778
Bench-Points: 119.31
