Date: 2018-09-08 19:42:06
Test: /usr/local/lib/perl5/site_perl/5.26.1/PerlBench/benchmarks/arith/trig.t
Perl: /usr/local/bin/perl5.26.2-nt 5.026002
Cycles: 16486275
User-Time: 12.7
System-Time: 0
Real-Time: 12.709
CPU: 100%
Cycles-Per-Sec: 1298132
Empty-Cycles-Per-Sec: 32710863
Loop-Overhead: 4.0%
Adjusted-Used-Time: 12.1959999985326
Bench-Points: 81.994
