Date: 2019-06-14 10:02:56
Test: /usr/local/lib/perl5/site_perl/5.30.0/PerlBench/benchmarks/arith/trig.t
Perl: /usr/local/bin/perl5.26.3-nt 5.026003
Cycles: 17417655
User-Time: 12.31
System-Time: 0
Real-Time: 12.308
CPU: 100%
Cycles-Per-Sec: 1414919
Empty-Cycles-Per-Sec: 32254917
Loop-Overhead: 4.4%
Adjusted-Used-Time: 11.7700000055805
Bench-Points: 84.962
