Date: 2018-09-08 19:42:19
Test: /usr/local/lib/perl5/site_perl/5.26.1/PerlBench/benchmarks/arith/trig.t
Perl: /usr/local/bin/cperl5.26.2-nt 5.026002
Cycles: 16486275
User-Time: 13.52
System-Time: 0
Real-Time: 13.516
CPU: 100%
Cycles-Per-Sec: 1219399
Empty-Cycles-Per-Sec: 27340423
Loop-Overhead: 4.5%
Adjusted-Used-Time: 12.9170000025237
Bench-Points: 77.417
