Date: 2019-06-14 10:03:08
Test: /usr/local/lib/perl5/site_perl/5.30.0/PerlBench/benchmarks/arith/trig.t
Perl: /usr/local/bin/cperl5.26.5-nt 5.026005
Cycles: 17417655
User-Time: 13.49
System-Time: 0
Real-Time: 13.492
CPU: 100%
Cycles-Per-Sec: 1291153
Empty-Cycles-Per-Sec: 22005881
Loop-Overhead: 5.9%
Adjusted-Used-Time: 12.6984999914341
Bench-Points: 78.749
