Date: 2018-09-08 19:42:47
Test: /usr/local/lib/perl5/site_perl/5.26.1/PerlBench/benchmarks/arith/trig.t
Perl: /usr/local/bin/cperl5.28.0-nt 5.028000
Cycles: 16486275
User-Time: 13.3
System-Time: 0
Real-Time: 13.296
CPU: 100%
Cycles-Per-Sec: 1239570
Empty-Cycles-Per-Sec: 23302155
Loop-Overhead: 5.3%
Adjusted-Used-Time: 12.5924999855164
Bench-Points: 79.412
