Date: 2018-09-08 19:42:33
Test: /usr/local/lib/perl5/site_perl/5.26.1/PerlBench/benchmarks/arith/trig.t
Perl: /usr/local/bin/perl5.28.0-nt 5.028000
Cycles: 16486275
User-Time: 14.26
System-Time: 0
Real-Time: 14.256
CPU: 100%
Cycles-Per-Sec: 1156120
Empty-Cycles-Per-Sec: 29179248
Loop-Overhead: 4.0%
Adjusted-Used-Time: 13.6950000041125
Bench-Points: 73.019
