Date: 2019-06-14 10:03:22
Test: /usr/local/lib/perl5/site_perl/5.30.0/PerlBench/benchmarks/arith/trig.t
Perl: /usr/local/bin/perl5.28.2-nt 5.028002
Cycles: 17417655
User-Time: 12.93
System-Time: 0
Real-Time: 12.946
CPU: 100%
Cycles-Per-Sec: 1347073
Empty-Cycles-Per-Sec: 22358992
Loop-Overhead: 6.0%
Adjusted-Used-Time: 12.1509999896239
Bench-Points: 82.298
