Date: 2019-06-14 10:03:35
Test: /usr/local/lib/perl5/site_perl/5.30.0/PerlBench/benchmarks/arith/trig.t
Perl: /usr/local/bin/cperl5.28.2-nt 5.028002
Cycles: 17417655
User-Time: 13.03
System-Time: 0
Real-Time: 13.030
CPU: 100%
Cycles-Per-Sec: 1336735
Empty-Cycles-Per-Sec: 22738453
Loop-Overhead: 5.9%
Adjusted-Used-Time: 12.263999999912
Bench-Points: 81.539
