Date: 2019-06-14 10:04:01
Test: /usr/local/lib/perl5/site_perl/5.30.0/PerlBench/benchmarks/arith/trig.t
Perl: /usr/local/bin/cperl5.30.0-nt 5.030000
Cycles: 17417655
User-Time: 13.24
System-Time: 0
Real-Time: 13.261
CPU: 100%
Cycles-Per-Sec: 1315533
Empty-Cycles-Per-Sec: 33463314
Loop-Overhead: 3.9%
Adjusted-Used-Time: 12.7194999981173
Bench-Points: 78.619
