Date: 2019-06-14 10:03:48
Test: /usr/local/lib/perl5/site_perl/5.30.0/PerlBench/benchmarks/arith/trig.t
Perl: /usr/local/bin/perl5.30.0-nt 5.030000
Cycles: 17417655
User-Time: 12.94
System-Time: 0
Real-Time: 12.947
CPU: 100%
Cycles-Per-Sec: 1346032
Empty-Cycles-Per-Sec: 31900467
Loop-Overhead: 4.2%
Adjusted-Used-Time: 12.3939999994357
Bench-Points: 80.684
