Date: 2019-06-14 10:01:01
Test: /usr/local/lib/perl5/site_perl/5.30.0/PerlBench/benchmarks/arith/trig.t
Perl: /usr/local/bin/perl5.6.2-nt 5.006002
Cycles: 17417655
User-Time: 15.23
System-Time: 0
Real-Time: 15
CPU: 102%
Cycles-Per-Sec: 1143641
Empty-Cycles-Per-Sec: 19256667
Loop-Overhead: 5.9%
Adjusted-Used-Time: 14.3255000156569
Bench-Points: 69.806
