Date: 2019-06-14 10:01:16
Test: /usr/local/lib/perl5/site_perl/5.30.0/PerlBench/benchmarks/arith/trig.t
Perl: /usr/local/bin/perl5.8.9-nt 5.008009
Cycles: 17417655
User-Time: 14.47
System-Time: 0
Real-Time: 14.494
CPU: 100%
Cycles-Per-Sec: 1203708
Empty-Cycles-Per-Sec: 20527584
Loop-Overhead: 5.9%
Adjusted-Used-Time: 13.6215000011692
Bench-Points: 73.413
