Date: 2016-11-01 19:11:16
Test: ./benchmarks/arith/trig.t
Perl: /usr/local/bin/perl5.8.8-nt 5.008008
Cycles: 13939080
User-Time: 10.6
System-Time: 0.01
Real-Time: 10.627
CPU: 100%
Cycles-Per-Sec: 1313768
Empty-Cycles-Per-Sec: 23135402
Loop-Overhead: 5.7%
Adjusted-Used-Time: 10.007499987249
Bench-Points: 99.925
