Date: 2016-11-01 23:08:03
Test: ./benchmarks/hash/each.t
Perl: /usr/local/bin/perl5.10.1-nt 5.010001
Cycles: 46463
User-Time: 13.37
System-Time: 0.11
Real-Time: 13.731
CPU: 98%
Cycles-Per-Sec: 3447
Empty-Cycles-Per-Sec: 22555146
Loop-Overhead: 0.0%
Adjusted-Used-Time: 13.4779400266352
Bench-Points: 74.195
