Date: 2016-11-01 23:08:17
Test: ./benchmarks/hash/each.t
Perl: /usr/local/bin/perl5.12.5-nt 5.012005
Cycles: 46463
User-Time: 13.64
System-Time: 0.07
Real-Time: 13.783
CPU: 99%
Cycles-Per-Sec: 3389
Empty-Cycles-Per-Sec: 21297296
Loop-Overhead: 0.0%
Adjusted-Used-Time: 13.7078183615422
Bench-Points: 72.951
