Date: 2019-06-14 10:48:47
Test: /usr/local/lib/perl5/site_perl/5.30.0/PerlBench/benchmarks/hash/each.t
Perl: /usr/local/bin/perl5.14.4-nt@g 5.014004
Cycles: 58058
User-Time: 12.9
System-Time: 0
Real-Time: 12.906
CPU: 100%
Cycles-Per-Sec: 4501
Empty-Cycles-Per-Sec: 28115666
Loop-Overhead: 0.0%
Adjusted-Used-Time: 12.8979350302426
Bench-Points: 77.532
