Date: 2018-09-08 20:09:41
Test: /usr/local/lib/perl5/site_perl/5.26.1/PerlBench/benchmarks/hash/each.t
Perl: /usr/local/bin/perl5.14.4-nt 5.014004
Cycles: 54954
User-Time: 12.86
System-Time: 0
Real-Time: 12.863
CPU: 100%
Cycles-Per-Sec: 4273
Empty-Cycles-Per-Sec: 16511042
Loop-Overhead: 0.0%
Adjusted-Used-Time: 12.8566716818963
Bench-Points: 77.781
