Date: 2016-11-01 23:08:30
Test: ./benchmarks/hash/each.t
Perl: /usr/local/bin/perl5.14.4-nt 5.014004
Cycles: 46463
User-Time: 13.08
System-Time: 0.06
Real-Time: 13.227
CPU: 99%
Cycles-Per-Sec: 3536
Empty-Cycles-Per-Sec: 23329004
Loop-Overhead: 0.0%
Adjusted-Used-Time: 13.1380083590367
Bench-Points: 76.115
