Date: 2016-11-01 23:08:44
Test: ./benchmarks/hash/each.t
Perl: /usr/local/bin/perl5.16.3-nt 5.016003
Cycles: 46463
User-Time: 8.63
System-Time: 0.03
Real-Time: 8.716
CPU: 99%
Cycles-Per-Sec: 5365
Empty-Cycles-Per-Sec: 22757682
Loop-Overhead: 0.0%
Adjusted-Used-Time: 8.65795835973101
Bench-Points: 115.5
