Date: 2019-06-14 10:49:00
Test: /usr/local/lib/perl5/site_perl/5.30.0/PerlBench/benchmarks/hash/each.t
Perl: /usr/local/bin/perl5.18.4-nt 5.018004
Cycles: 58058
User-Time: 10.21
System-Time: 0
Real-Time: 10.213
CPU: 100%
Cycles-Per-Sec: 5686
Empty-Cycles-Per-Sec: 30108306
Loop-Overhead: 0.0%
Adjusted-Used-Time: 10.2080716949004
Bench-Points: 97.962
