Date: 2016-11-01 23:08:52
Test: ./benchmarks/hash/each.t
Perl: /usr/local/bin/perl5.18.4-nt 5.018004
Cycles: 46463
User-Time: 8.15
System-Time: 0.07
Real-Time: 8.366
CPU: 98%
Cycles-Per-Sec: 5652
Empty-Cycles-Per-Sec: 24627350
Loop-Overhead: 0.0%
Adjusted-Used-Time: 8.21811335771003
Bench-Points: 121.68
