Date: 2016-11-01 23:09:01
Test: ./benchmarks/hash/each.t
Perl: /usr/local/bin/perl5.20.3-nt 5.020003
Cycles: 46463
User-Time: 8.82
System-Time: 0.06
Real-Time: 9.168
CPU: 97%
Cycles-Per-Sec: 5232
Empty-Cycles-Per-Sec: 22832236
Loop-Overhead: 0.0%
Adjusted-Used-Time: 8.87796502629002
Bench-Points: 112.64
