Date: 2016-11-01 23:09:19
Test: ./benchmarks/hash/each.t
Perl: /usr/local/bin/perl5.22.2-nt 5.022002
Cycles: 46463
User-Time: 13.25
System-Time: 0.09
Real-Time: 14.076
CPU: 95%
Cycles-Per-Sec: 3483
Empty-Cycles-Per-Sec: 23231800
Loop-Overhead: 0.0%
Adjusted-Used-Time: 13.3380000258267
Bench-Points: 74.974
