Date: 2019-06-14 10:49:10
Test: /usr/local/lib/perl5/site_perl/5.30.0/PerlBench/benchmarks/hash/each.t
Perl: /usr/local/bin/perl5.22.4-nt 5.022004
Cycles: 58058
User-Time: 17.93
System-Time: 0
Real-Time: 17.925
CPU: 100%
Cycles-Per-Sec: 3238
Empty-Cycles-Per-Sec: 29496452
Loop-Overhead: 0.0%
Adjusted-Used-Time: 17.9280316954731
Bench-Points: 55.779
