Date: 2018-09-08 20:09:54
Test: /usr/local/lib/perl5/site_perl/5.26.1/PerlBench/benchmarks/hash/each.t
Perl: /usr/local/bin/perl5.22.3-nt 5.022003
Cycles: 54954
User-Time: 16.93
System-Time: 0
Real-Time: 16.927
CPU: 100%
Cycles-Per-Sec: 3246
Empty-Cycles-Per-Sec: 20166697
Loop-Overhead: 0.0%
Adjusted-Used-Time: 16.9272750123632
Bench-Points: 59.076
