Date: 2019-06-14 10:49:28
Test: /usr/local/lib/perl5/site_perl/5.30.0/PerlBench/benchmarks/hash/each.t
Perl: /usr/local/bin/cperl5.22.5-nt 5.022005
Cycles: 58058
User-Time: 10.96
System-Time: 0
Real-Time: 10.956
CPU: 100%
Cycles-Per-Sec: 5297
Empty-Cycles-Per-Sec: 32284810
Loop-Overhead: 0.0%
Adjusted-Used-Time: 10.9582016929943
Bench-Points: 91.256
