Date: 2018-09-08 20:10:11
Test: /usr/local/lib/perl5/site_perl/5.26.1/PerlBench/benchmarks/hash/each.t
Perl: /usr/local/bin/cperl5.22.5-nt 5.022005
Cycles: 54954
User-Time: 10.39
System-Time: 0
Real-Time: 10.387
CPU: 100%
Cycles-Per-Sec: 5289
Empty-Cycles-Per-Sec: 29439777
Loop-Overhead: 0.0%
Adjusted-Used-Time: 10.3881333418388
Bench-Points: 96.264
