Date: 2016-11-01 23:09:10
Test: ./benchmarks/hash/each.t
Perl: /usr/local/bin/cperl5.22.2-nt 5.022002
Cycles: 46463
User-Time: 9.08
System-Time: 0.06
Real-Time: 9.324
CPU: 98%
Cycles-Per-Sec: 5083
Empty-Cycles-Per-Sec: 25861002
Loop-Overhead: 0.0%
Adjusted-Used-Time: 9.13820335654435
Bench-Points: 109.43
