Date: 2018-09-08 20:10:32
Test: /usr/local/lib/perl5/site_perl/5.26.1/PerlBench/benchmarks/hash/each.t
Perl: /usr/local/bin/cperl5.24.3-nt 5.024003
Cycles: 54954
User-Time: 11.42
System-Time: 0
Real-Time: 11.418
CPU: 100%
Cycles-Per-Sec: 4812
Empty-Cycles-Per-Sec: 29785501
Loop-Overhead: 0.0%
Adjusted-Used-Time: 11.4181550083714
Bench-Points: 87.58
