Date: 2018-09-08 20:10:21
Test: /usr/local/lib/perl5/site_perl/5.26.1/PerlBench/benchmarks/hash/each.t
Perl: /usr/local/bin/perl5.24.3-nt 5.024003
Cycles: 54954
User-Time: 10.72
System-Time: 0.06
Real-Time: 10.785
CPU: 100%
Cycles-Per-Sec: 5098
Empty-Cycles-Per-Sec: 22339126
Loop-Overhead: 0.0%
Adjusted-Used-Time: 10.7775400111893
Bench-Points: 92.786
