Date: 2016-11-01 23:09:42
Test: ./benchmarks/hash/each.t
Perl: /usr/local/bin/perl5.24.0-nt 5.024000
Cycles: 46463
User-Time: 8.07
System-Time: 0.05
Real-Time: 8.163
CPU: 99%
Cycles-Per-Sec: 5722
Empty-Cycles-Per-Sec: 25413090
Loop-Overhead: 0.0%
Adjusted-Used-Time: 8.11817169025884
Bench-Points: 123.18
