Date: 2019-06-14 10:49:39
Test: /usr/local/lib/perl5/site_perl/5.30.0/PerlBench/benchmarks/hash/each.t
Perl: /usr/local/bin/perl5.24.4-nt 5.024004
Cycles: 58058
User-Time: 11.6
System-Time: 0.01
Real-Time: 11.607
CPU: 100%
Cycles-Per-Sec: 5001
Empty-Cycles-Per-Sec: 22768176
Loop-Overhead: 0.0%
Adjusted-Used-Time: 11.6074500372801
Bench-Points: 86.152
