Date: 2016-11-01 23:09:33
Test: ./benchmarks/hash/each.t
Perl: /usr/local/bin/cperl5.24.0-nt 5.024000
Cycles: 46463
User-Time: 8.92
System-Time: 0.07
Real-Time: 9.084
CPU: 99%
Cycles-Per-Sec: 5168
Empty-Cycles-Per-Sec: 26250621
Loop-Overhead: 0.0%
Adjusted-Used-Time: 8.98823002282498
Bench-Points: 111.26
