Date: 2019-06-14 10:49:50
Test: /usr/local/lib/perl5/site_perl/5.30.0/PerlBench/benchmarks/hash/each.t
Perl: /usr/local/bin/cperl5.24.4-nt 5.024004
Cycles: 58058
User-Time: 12.25
System-Time: 0
Real-Time: 12.257
CPU: 100%
Cycles-Per-Sec: 4739
Empty-Cycles-Per-Sec: 32435112
Loop-Overhead: 0.0%
Adjusted-Used-Time: 12.248210026221
Bench-Points: 81.645
