Date: 2016-11-01 23:09:59
Test: ./benchmarks/hash/each.t
Perl: /usr/local/bin/perl5.25.3-nt 5.025003
Cycles: 46463
User-Time: 8.17
System-Time: 0.02
Real-Time: 8.222
CPU: 100%
Cycles-Per-Sec: 5673
Empty-Cycles-Per-Sec: 25765397
Loop-Overhead: 0.0%
Adjusted-Used-Time: 8.18819668992486
Bench-Points: 122.13
