Date: 2016-11-01 23:09:51
Test: ./benchmarks/hash/each.t
Perl: /usr/local/bin/cperl5.25.2-nt 5.025002
Cycles: 46463
User-Time: 8.76
System-Time: 0.05
Real-Time: 8.869
CPU: 99%
Cycles-Per-Sec: 5274
Empty-Cycles-Per-Sec: 25413090
Loop-Overhead: 0.0%
Adjusted-Used-Time: 8.80817169025884
Bench-Points: 113.53
