Date: 2018-09-08 20:10:55
Test: /usr/local/lib/perl5/site_perl/5.26.1/PerlBench/benchmarks/hash/each.t
Perl: /usr/local/bin/cperl5.26.2-nt 5.026002
Cycles: 54954
User-Time: 10.92
System-Time: 0
Real-Time: 10.926
CPU: 100%
Cycles-Per-Sec: 5032
Empty-Cycles-Per-Sec: 27340423
Loop-Overhead: 0.0%
Adjusted-Used-Time: 10.9179900091524
Bench-Points: 91.592
