Date: 2019-06-14 10:50:14
Test: /usr/local/lib/perl5/site_perl/5.30.0/PerlBench/benchmarks/hash/each.t
Perl: /usr/local/bin/cperl5.26.5-nt 5.026005
Cycles: 58058
User-Time: 12.11
System-Time: 0
Real-Time: 12.109
CPU: 100%
Cycles-Per-Sec: 4794
Empty-Cycles-Per-Sec: 22005881
Loop-Overhead: 0.0%
Adjusted-Used-Time: 12.1073617052642
Bench-Points: 82.594
