Date: 2018-09-08 20:10:43
Test: /usr/local/lib/perl5/site_perl/5.26.1/PerlBench/benchmarks/hash/each.t
Perl: /usr/local/bin/perl5.26.2-nt 5.026002
Cycles: 54954
User-Time: 11.27
System-Time: 0
Real-Time: 11.273
CPU: 100%
Cycles-Per-Sec: 4876
Empty-Cycles-Per-Sec: 32710863
Loop-Overhead: 0.0%
Adjusted-Used-Time: 11.2683200076378
Bench-Points: 88.744
