Date: 2019-06-14 10:50:03
Test: /usr/local/lib/perl5/site_perl/5.30.0/PerlBench/benchmarks/hash/each.t
Perl: /usr/local/bin/perl5.26.3-nt 5.026003
Cycles: 58058
User-Time: 11.77
System-Time: 0
Real-Time: 11.771
CPU: 100%
Cycles-Per-Sec: 4933
Empty-Cycles-Per-Sec: 32254917
Loop-Overhead: 0.0%
Adjusted-Used-Time: 11.7682000263712
Bench-Points: 84.975
