Date: 2018-09-08 20:11:06
Test: /usr/local/lib/perl5/site_perl/5.26.1/PerlBench/benchmarks/hash/each.t
Perl: /usr/local/bin/perl5.28.0-nt 5.028000
Cycles: 54954
User-Time: 10.96
System-Time: 0
Real-Time: 10.965
CPU: 100%
Cycles-Per-Sec: 5014
Empty-Cycles-Per-Sec: 29179248
Loop-Overhead: 0.0%
Adjusted-Used-Time: 10.9581166752481
Bench-Points: 91.257
