Date: 2019-06-14 10:50:38
Test: /usr/local/lib/perl5/site_perl/5.30.0/PerlBench/benchmarks/hash/each.t
Perl: /usr/local/bin/cperl5.28.2-nt 5.028002
Cycles: 58058
User-Time: 10.97
System-Time: 0
Real-Time: 10.974
CPU: 100%
Cycles-Per-Sec: 5292
Empty-Cycles-Per-Sec: 22738453
Loop-Overhead: 0.0%
Adjusted-Used-Time: 10.967446704048
Bench-Points: 91.179
