Date: 2019-06-14 10:50:26
Test: /usr/local/lib/perl5/site_perl/5.30.0/PerlBench/benchmarks/hash/each.t
Perl: /usr/local/bin/perl5.28.2-nt 5.028002
Cycles: 58058
User-Time: 11.98
System-Time: 0
Real-Time: 11.980
CPU: 100%
Cycles-Per-Sec: 4846
Empty-Cycles-Per-Sec: 22358992
Loop-Overhead: 0.0%
Adjusted-Used-Time: 11.9774033713148
Bench-Points: 83.491
