Date: 2019-06-14 10:50:49
Test: /usr/local/lib/perl5/site_perl/5.30.0/PerlBench/benchmarks/hash/each.t
Perl: /usr/local/bin/perl5.30.0-nt 5.030000
Cycles: 58058
User-Time: 11.74
System-Time: 0
Real-Time: 11.737
CPU: 100%
Cycles-Per-Sec: 4945
Empty-Cycles-Per-Sec: 31900467
Loop-Overhead: 0.0%
Adjusted-Used-Time: 11.7381800266435
Bench-Points: 85.192
