Date: 2019-06-14 10:48:35
Test: /usr/local/lib/perl5/site_perl/5.30.0/PerlBench/benchmarks/hash/each.t
Perl: /usr/local/bin/perl5.8.9-nt 5.008009
Cycles: 58058
User-Time: 11.57
System-Time: 0
Real-Time: 11.575
CPU: 100%
Cycles-Per-Sec: 5018
Empty-Cycles-Per-Sec: 20527584
Loop-Overhead: 0.0%
Adjusted-Used-Time: 11.5671717080783
Bench-Points: 86.452
