Date: 2016-11-01 23:07:52
Test: ./benchmarks/hash/each.t
Perl: /usr/local/bin/perl5.8.8-nt 5.008008
Cycles: 46463
User-Time: 10.21
System-Time: 0.07
Real-Time: 11.004
CPU: 93%
Cycles-Per-Sec: 4520
Empty-Cycles-Per-Sec: 23135402
Loop-Overhead: 0.0%
Adjusted-Used-Time: 10.2779916925584
Bench-Points: 97.295
