Date: 2016-11-01 19:18:57
Test: ./benchmarks/array/index.t
Perl: /usr/local/bin/perl5.10.1-nt 5.010001
Cycles: 18585440
User-Time: 11.32
System-Time: 0.01
Real-Time: 11.337
CPU: 100%
Cycles-Per-Sec: 1640374
Empty-Cycles-Per-Sec: 22555146
Loop-Overhead: 7.3%
Adjusted-Used-Time: 10.5060000134781
Bench-Points: 95.184
