Date: 2016-11-01 19:19:08
Test: ./benchmarks/array/index.t
Perl: /usr/local/bin/perl5.12.5-nt 5.012005
Cycles: 18585440
User-Time: 10.92
System-Time: 0
Real-Time: 10.931
CPU: 100%
Cycles-Per-Sec: 1701963
Empty-Cycles-Per-Sec: 21297296
Loop-Overhead: 8.0%
Adjusted-Used-Time: 10.0473333478579
Bench-Points: 99.529
