Date: 2019-06-14 10:11:52
Test: /usr/local/lib/perl5/site_perl/5.30.0/PerlBench/benchmarks/array/index.t
Perl: /usr/local/bin/perl5.14.4-nt@g 5.014004
Cycles: 23223540
User-Time: 15.52
System-Time: 0
Real-Time: 15.517
CPU: 100%
Cycles-Per-Sec: 1496362
Empty-Cycles-Per-Sec: 28115666
Loop-Overhead: 5.3%
Adjusted-Used-Time: 14.6940000041258
Bench-Points: 68.055
