Date: 2018-09-08 19:47:17
Test: /usr/local/lib/perl5/site_perl/5.26.1/PerlBench/benchmarks/array/index.t
Perl: /usr/local/bin/perl5.14.4-nt 5.014004
Cycles: 21981700
User-Time: 15.95
System-Time: 0
Real-Time: 15.971
CPU: 100%
Cycles-Per-Sec: 1378163
Empty-Cycles-Per-Sec: 16511042
Loop-Overhead: 8.3%
Adjusted-Used-Time: 14.6186667019562
Bench-Points: 68.406
