Date: 2016-11-01 19:19:19
Test: ./benchmarks/array/index.t
Perl: /usr/local/bin/perl5.14.4-nt 5.014004
Cycles: 18585440
User-Time: 10.79
System-Time: 0.01
Real-Time: 10.811
CPU: 100%
Cycles-Per-Sec: 1720874
Empty-Cycles-Per-Sec: 23329004
Loop-Overhead: 7.4%
Adjusted-Used-Time: 10.0033333270465
Bench-Points: 99.967
