Date: 2016-11-01 19:19:30
Test: ./benchmarks/array/index.t
Perl: /usr/local/bin/perl5.16.3-nt 5.016003
Cycles: 18585440
User-Time: 10.68
System-Time: 0
Real-Time: 10.688
CPU: 100%
Cycles-Per-Sec: 1740210
Empty-Cycles-Per-Sec: 22757682
Loop-Overhead: 7.6%
Adjusted-Used-Time: 9.8633333465157
Bench-Points: 101.39
