Date: 2016-11-01 19:19:41
Test: ./benchmarks/array/index.t
Perl: /usr/local/bin/perl5.18.4-nt 5.018004
Cycles: 18585440
User-Time: 10.35
System-Time: 0
Real-Time: 10.362
CPU: 100%
Cycles-Per-Sec: 1795695
Empty-Cycles-Per-Sec: 24627350
Loop-Overhead: 7.3%
Adjusted-Used-Time: 9.59533333874737
Bench-Points: 104.22
