Date: 2019-06-14 10:12:08
Test: /usr/local/lib/perl5/site_perl/5.30.0/PerlBench/benchmarks/array/index.t
Perl: /usr/local/bin/perl5.18.4-nt 5.018004
Cycles: 23223540
User-Time: 15.69
System-Time: 0
Real-Time: 15.691
CPU: 100%
Cycles-Per-Sec: 1480149
Empty-Cycles-Per-Sec: 30108306
Loop-Overhead: 4.9%
Adjusted-Used-Time: 14.9186666675966
Bench-Points: 67.03
