Date: 2016-11-01 19:19:51
Test: ./benchmarks/array/index.t
Perl: /usr/local/bin/perl5.20.3-nt 5.020003
Cycles: 18585440
User-Time: 11.32
System-Time: 0.01
Real-Time: 11.334
CPU: 100%
Cycles-Per-Sec: 1640374
Empty-Cycles-Per-Sec: 22832236
Loop-Overhead: 7.2%
Adjusted-Used-Time: 10.516000004555
Bench-Points: 95.093
