Date: 2018-09-08 19:47:33
Test: /usr/local/lib/perl5/site_perl/5.26.1/PerlBench/benchmarks/array/index.t
Perl: /usr/local/bin/perl5.22.3-nt 5.022003
Cycles: 21981700
User-Time: 11.64
System-Time: 0
Real-Time: 11.634
CPU: 100%
Cycles-Per-Sec: 1888462
Empty-Cycles-Per-Sec: 20166697
Loop-Overhead: 9.4%
Adjusted-Used-Time: 10.5499999866116
Bench-Points: 94.787
