Date: 2019-06-14 10:12:36
Test: /usr/local/lib/perl5/site_perl/5.30.0/PerlBench/benchmarks/array/index.t
Perl: /usr/local/bin/cperl5.22.5-nt 5.022005
Cycles: 23223540
User-Time: 12.85
System-Time: 0
Real-Time: 12.851
CPU: 100%
Cycles-Per-Sec: 1807279
Empty-Cycles-Per-Sec: 32284810
Loop-Overhead: 5.6%
Adjusted-Used-Time: 12.1306666664602
Bench-Points: 82.436
