Date: 2019-06-14 10:12:23
Test: /usr/local/lib/perl5/site_perl/5.30.0/PerlBench/benchmarks/array/index.t
Perl: /usr/local/bin/perl5.22.4-nt 5.022004
Cycles: 23223540
User-Time: 12.87
System-Time: 0
Real-Time: 12.876
CPU: 100%
Cycles-Per-Sec: 1804471
Empty-Cycles-Per-Sec: 29496452
Loop-Overhead: 6.1%
Adjusted-Used-Time: 12.0826666624176
Bench-Points: 82.763
