Date: 2018-09-08 19:47:45
Test: /usr/local/lib/perl5/site_perl/5.26.1/PerlBench/benchmarks/array/index.t
Perl: /usr/local/bin/cperl5.22.5-nt 5.022005
Cycles: 21981700
User-Time: 13.26
System-Time: 0
Real-Time: 13.257
CPU: 100%
Cycles-Per-Sec: 1657745
Empty-Cycles-Per-Sec: 29439777
Loop-Overhead: 5.6%
Adjusted-Used-Time: 12.5133333387682
Bench-Points: 79.915
