Date: 2016-11-01 19:20:02
Test: ./benchmarks/array/index.t
Perl: /usr/local/bin/cperl5.22.2-nt 5.022002
Cycles: 18585440
User-Time: 8.55
System-Time: 0
Real-Time: 8.564
CPU: 100%
Cycles-Per-Sec: 2173736
Empty-Cycles-Per-Sec: 25861002
Loop-Overhead: 8.4%
Adjusted-Used-Time: 7.83133333735483
Bench-Points: 127.69
