Date: 2016-11-01 19:20:28
Test: ./benchmarks/array/index.t
Perl: /usr/local/bin/perl5.24.0-nt 5.024000
Cycles: 18585440
User-Time: 7.76
System-Time: 0
Real-Time: 7.773
CPU: 100%
Cycles-Per-Sec: 2395031
Empty-Cycles-Per-Sec: 25413090
Loop-Overhead: 9.4%
Adjusted-Used-Time: 7.0286666595837
Bench-Points: 142.27
