Date: 2018-09-08 19:48:09
Test: /usr/local/lib/perl5/site_perl/5.26.1/PerlBench/benchmarks/array/index.t
Perl: /usr/local/bin/cperl5.24.3-nt 5.024003
Cycles: 21981700
User-Time: 10.87
System-Time: 0
Real-Time: 10.869
CPU: 100%
Cycles-Per-Sec: 2022236
Empty-Cycles-Per-Sec: 29785501
Loop-Overhead: 6.8%
Adjusted-Used-Time: 10.1319999912038
Bench-Points: 98.697
