Date: 2016-11-01 19:20:20
Test: ./benchmarks/array/index.t
Perl: /usr/local/bin/cperl5.24.0-nt 5.024000
Cycles: 18585440
User-Time: 8.13
System-Time: 0
Real-Time: 8.142
CPU: 100%
Cycles-Per-Sec: 2286032
Empty-Cycles-Per-Sec: 26250621
Loop-Overhead: 8.7%
Adjusted-Used-Time: 7.42199998735268
Bench-Points: 134.73
