Date: 2018-09-08 19:47:58
Test: /usr/local/lib/perl5/site_perl/5.26.1/PerlBench/benchmarks/array/index.t
Perl: /usr/local/bin/perl5.24.3-nt 5.024003
Cycles: 21981700
User-Time: 10.55
System-Time: 0
Real-Time: 10.548
CPU: 100%
Cycles-Per-Sec: 2083573
Empty-Cycles-Per-Sec: 22339126
Loop-Overhead: 9.3%
Adjusted-Used-Time: 9.56599999928377
Bench-Points: 104.54
