Date: 2019-06-14 10:12:49
Test: /usr/local/lib/perl5/site_perl/5.30.0/PerlBench/benchmarks/array/index.t
Perl: /usr/local/bin/perl5.24.4-nt 5.024004
Cycles: 23223540
User-Time: 11.46
System-Time: 0
Real-Time: 11.459
CPU: 100%
Cycles-Per-Sec: 2026487
Empty-Cycles-Per-Sec: 22768176
Loop-Overhead: 8.9%
Adjusted-Used-Time: 10.4399999789179
Bench-Points: 95.785
