Date: 2019-06-14 10:13:00
Test: /usr/local/lib/perl5/site_perl/5.30.0/PerlBench/benchmarks/array/index.t
Perl: /usr/local/bin/cperl5.24.4-nt 5.024004
Cycles: 23223540
User-Time: 11.48
System-Time: 0
Real-Time: 11.480
CPU: 100%
Cycles-Per-Sec: 2022956
Empty-Cycles-Per-Sec: 32435112
Loop-Overhead: 6.2%
Adjusted-Used-Time: 10.7640000059195
Bench-Points: 92.902
