Date: 2016-11-01 19:20:36
Test: ./benchmarks/array/index.t
Perl: /usr/local/bin/cperl5.25.2-nt 5.025002
Cycles: 18585440
User-Time: 8.11
System-Time: 0
Real-Time: 8.116
CPU: 100%
Cycles-Per-Sec: 2291670
Empty-Cycles-Per-Sec: 25413090
Loop-Overhead: 9.0%
Adjusted-Used-Time: 7.3786666595837
Bench-Points: 135.53
