Date: 2016-11-01 19:20:44
Test: ./benchmarks/array/index.t
Perl: /usr/local/bin/perl5.25.3-nt 5.025003
Cycles: 18585440
User-Time: 7.78
System-Time: 0.01
Real-Time: 7.791
CPU: 100%
Cycles-Per-Sec: 2385807
Empty-Cycles-Per-Sec: 25765397
Loop-Overhead: 9.3%
Adjusted-Used-Time: 7.06866665512664
Bench-Points: 141.47
