Date: 2018-09-08 19:48:30
Test: /usr/local/lib/perl5/site_perl/5.26.1/PerlBench/benchmarks/array/index.t
Perl: /usr/local/bin/cperl5.26.2-nt 5.026002
Cycles: 21981700
User-Time: 11.62
System-Time: 0
Real-Time: 11.620
CPU: 100%
Cycles-Per-Sec: 1891713
Empty-Cycles-Per-Sec: 27340423
Loop-Overhead: 6.9%
Adjusted-Used-Time: 10.816000003365
Bench-Points: 92.456
