Date: 2018-09-08 19:48:20
Test: /usr/local/lib/perl5/site_perl/5.26.1/PerlBench/benchmarks/array/index.t
Perl: /usr/local/bin/perl5.26.2-nt 5.026002
Cycles: 21981700
User-Time: 10.15
System-Time: 0
Real-Time: 10.144
CPU: 100%
Cycles-Per-Sec: 2165685
Empty-Cycles-Per-Sec: 32710863
Loop-Overhead: 6.6%
Adjusted-Used-Time: 9.47799999804346
Bench-Points: 105.51
