Date: 2019-06-14 10:13:12
Test: /usr/local/lib/perl5/site_perl/5.30.0/PerlBench/benchmarks/array/index.t
Perl: /usr/local/bin/perl5.26.3-nt 5.026003
Cycles: 23223540
User-Time: 11.09
System-Time: 0
Real-Time: 11.090
CPU: 100%
Cycles-Per-Sec: 2094097
Empty-Cycles-Per-Sec: 32254917
Loop-Overhead: 6.5%
Adjusted-Used-Time: 10.3700000074407
Bench-Points: 96.432
