Date: 2019-06-14 10:13:23
Test: /usr/local/lib/perl5/site_perl/5.30.0/PerlBench/benchmarks/array/index.t
Perl: /usr/local/bin/cperl5.26.5-nt 5.026005
Cycles: 23223540
User-Time: 11.76
System-Time: 0
Real-Time: 11.767
CPU: 100%
Cycles-Per-Sec: 1974791
Empty-Cycles-Per-Sec: 22005881
Loop-Overhead: 9.0%
Adjusted-Used-Time: 10.7046666552455
Bench-Points: 93.417
