Date: 2018-09-08 19:48:53
Test: /usr/local/lib/perl5/site_perl/5.26.1/PerlBench/benchmarks/array/index.t
Perl: /usr/local/bin/cperl5.28.0-nt 5.028000
Cycles: 21981700
User-Time: 11.83
System-Time: 0
Real-Time: 11.838
CPU: 100%
Cycles-Per-Sec: 1858132
Empty-Cycles-Per-Sec: 23302155
Loop-Overhead: 8.0%
Adjusted-Used-Time: 10.8866666473551
Bench-Points: 91.855
