Date: 2019-06-14 10:13:35
Test: /usr/local/lib/perl5/site_perl/5.30.0/PerlBench/benchmarks/array/index.t
Perl: /usr/local/bin/perl5.28.2-nt 5.028002
Cycles: 23223540
User-Time: 11.88
System-Time: 0
Real-Time: 11.887
CPU: 100%
Cycles-Per-Sec: 1954843
Empty-Cycles-Per-Sec: 22358992
Loop-Overhead: 8.7%
Adjusted-Used-Time: 10.8413333194985
Bench-Points: 92.24
