Date: 2019-06-14 10:13:47
Test: /usr/local/lib/perl5/site_perl/5.30.0/PerlBench/benchmarks/array/index.t
Perl: /usr/local/bin/cperl5.28.2-nt 5.028002
Cycles: 23223540
User-Time: 12.11
System-Time: 0
Real-Time: 12.107
CPU: 100%
Cycles-Per-Sec: 1917716
Empty-Cycles-Per-Sec: 22738453
Loop-Overhead: 8.4%
Adjusted-Used-Time: 11.0886666665494
Bench-Points: 90.182
