Date: 2018-09-08 19:48:42
Test: /usr/local/lib/perl5/site_perl/5.26.1/PerlBench/benchmarks/array/index.t
Perl: /usr/local/bin/perl5.28.0-nt 5.028000
Cycles: 21981700
User-Time: 11.76
System-Time: 0
Real-Time: 11.764
CPU: 100%
Cycles-Per-Sec: 1869192
Empty-Cycles-Per-Sec: 29179248
Loop-Overhead: 6.4%
Adjusted-Used-Time: 11.00666667215
Bench-Points: 90.854
