Date: 2019-06-14 10:13:59
Test: /usr/local/lib/perl5/site_perl/5.30.0/PerlBench/benchmarks/array/index.t
Perl: /usr/local/bin/perl5.30.0-nt 5.030000
Cycles: 23223540
User-Time: 12.58
System-Time: 0
Real-Time: 12.583
CPU: 100%
Cycles-Per-Sec: 1846068
Empty-Cycles-Per-Sec: 31900467
Loop-Overhead: 5.8%
Adjusted-Used-Time: 11.8519999992477
Bench-Points: 84.374
