Date: 2019-06-14 10:14:11
Test: /usr/local/lib/perl5/site_perl/5.30.0/PerlBench/benchmarks/array/index.t
Perl: /usr/local/bin/cperl5.30.0-nt 5.030000
Cycles: 23223540
User-Time: 11.3
System-Time: 0
Real-Time: 11.304
CPU: 100%
Cycles-Per-Sec: 2055181
Empty-Cycles-Per-Sec: 33463314
Loop-Overhead: 6.1%
Adjusted-Used-Time: 10.6059999974898
Bench-Points: 94.286
