Date: 2019-06-14 10:11:22
Test: /usr/local/lib/perl5/site_perl/5.30.0/PerlBench/benchmarks/array/index.t
Perl: /usr/local/bin/perl5.6.2-nt 5.006002
Cycles: 23223540
User-Time: 14.57
System-Time: 0
Real-Time: 14
CPU: 104%
Cycles-Per-Sec: 1593929
Empty-Cycles-Per-Sec: 19256667
Loop-Overhead: 8.3%
Adjusted-Used-Time: 13.3640000208759
Bench-Points: 74.828
