Date: 2019-06-14 10:11:36
Test: /usr/local/lib/perl5/site_perl/5.30.0/PerlBench/benchmarks/array/index.t
Perl: /usr/local/bin/perl5.8.9-nt 5.008009
Cycles: 23223540
User-Time: 15.79
System-Time: 0
Real-Time: 15.787
CPU: 100%
Cycles-Per-Sec: 1470775
Empty-Cycles-Per-Sec: 20527584
Loop-Overhead: 7.2%
Adjusted-Used-Time: 14.6586666682255
Bench-Points: 68.219
