Date: 2016-11-01 19:18:46
Test: ./benchmarks/array/index.t
Perl: /usr/local/bin/perl5.8.8-nt 5.008008
Cycles: 18585440
User-Time: 10.37
System-Time: 0
Real-Time: 10.383
CPU: 100%
Cycles-Per-Sec: 1792231
Empty-Cycles-Per-Sec: 23135402
Loop-Overhead: 7.7%
Adjusted-Used-Time: 9.5666666496653
Bench-Points: 104.53
