Date: 2016-11-01 22:55:36
Test: ./benchmarks/call/2arg.t
Perl: /usr/local/bin/perl5.10.1-nt 5.010001
Cycles: 9292720
User-Time: 7.89
System-Time: 0.02
Real-Time: 7.930
CPU: 100%
Cycles-Per-Sec: 1174807
Empty-Cycles-Per-Sec: 22555146
Loop-Overhead: 5.2%
Adjusted-Used-Time: 7.49800000673904
Bench-Points: 133.37
