Date: 2016-11-01 22:55:44
Test: ./benchmarks/call/2arg.t
Perl: /usr/local/bin/perl5.12.5-nt 5.012005
Cycles: 9292720
User-Time: 7.47
System-Time: 0.02
Real-Time: 7.505
CPU: 100%
Cycles-Per-Sec: 1240684
Empty-Cycles-Per-Sec: 21297296
Loop-Overhead: 5.8%
Adjusted-Used-Time: 7.05366667392893
Bench-Points: 141.77
