Date: 2019-06-14 10:32:10
Test: /usr/local/lib/perl5/site_perl/5.30.0/PerlBench/benchmarks/call/2arg.t
Perl: /usr/local/bin/perl5.14.4-nt@g 5.014004
Cycles: 11611770
User-Time: 11.9
System-Time: 0
Real-Time: 11.895
CPU: 100%
Cycles-Per-Sec: 975779
Empty-Cycles-Per-Sec: 28115666
Loop-Overhead: 3.5%
Adjusted-Used-Time: 11.4870000020629
Bench-Points: 87.055
