Date: 2018-09-08 19:59:37
Test: /usr/local/lib/perl5/site_perl/5.26.1/PerlBench/benchmarks/call/2arg.t
Perl: /usr/local/bin/perl5.14.4-nt 5.014004
Cycles: 10990850
User-Time: 11.79
System-Time: 0
Real-Time: 11.794
CPU: 100%
Cycles-Per-Sec: 932218
Empty-Cycles-Per-Sec: 16511042
Loop-Overhead: 5.6%
Adjusted-Used-Time: 11.1243333509781
Bench-Points: 89.893
