Date: 2016-11-01 22:55:52
Test: ./benchmarks/call/2arg.t
Perl: /usr/local/bin/perl5.14.4-nt 5.014004
Cycles: 9292720
User-Time: 7.29
System-Time: 0.02
Real-Time: 7.350
CPU: 99%
Cycles-Per-Sec: 1271234
Empty-Cycles-Per-Sec: 23329004
Loop-Overhead: 5.4%
Adjusted-Used-Time: 6.91166666352323
Bench-Points: 144.68
