Date: 2016-11-01 22:55:59
Test: ./benchmarks/call/2arg.t
Perl: /usr/local/bin/perl5.16.3-nt 5.016003
Cycles: 9292720
User-Time: 7.45
System-Time: 0.02
Real-Time: 7.498
CPU: 100%
Cycles-Per-Sec: 1244005
Empty-Cycles-Per-Sec: 22757682
Loop-Overhead: 5.5%
Adjusted-Used-Time: 7.06166667325785
Bench-Points: 141.61
