Date: 2016-11-01 22:56:07
Test: ./benchmarks/call/2arg.t
Perl: /usr/local/bin/perl5.18.4-nt 5.018004
Cycles: 9292720
User-Time: 6.26
System-Time: 0.02
Real-Time: 6.319
CPU: 99%
Cycles-Per-Sec: 1479732
Empty-Cycles-Per-Sec: 24627350
Loop-Overhead: 6.0%
Adjusted-Used-Time: 5.90266666937368
Bench-Points: 169.41
