Date: 2019-06-14 10:32:22
Test: /usr/local/lib/perl5/site_perl/5.30.0/PerlBench/benchmarks/call/2arg.t
Perl: /usr/local/bin/perl5.18.4-nt 5.018004
Cycles: 11611770
User-Time: 8.57
System-Time: 0
Real-Time: 8.573
CPU: 100%
Cycles-Per-Sec: 1354932
Empty-Cycles-Per-Sec: 30108306
Loop-Overhead: 4.5%
Adjusted-Used-Time: 8.18433333379832
Bench-Points: 122.18
