Date: 2016-11-01 22:56:13
Test: ./benchmarks/call/2arg.t
Perl: /usr/local/bin/perl5.20.3-nt 5.020003
Cycles: 9292720
User-Time: 6.28
System-Time: 0.01
Real-Time: 6.300
CPU: 100%
Cycles-Per-Sec: 1477380
Empty-Cycles-Per-Sec: 22832236
Loop-Overhead: 6.5%
Adjusted-Used-Time: 5.88300000227748
Bench-Points: 169.98
