Date: 2018-09-08 19:59:57
Test: /usr/local/lib/perl5/site_perl/5.26.1/PerlBench/benchmarks/call/2arg.t
Perl: /usr/local/bin/cperl5.22.5-nt 5.022005
Cycles: 10990850
User-Time: 7.25
System-Time: 0
Real-Time: 7.249
CPU: 100%
Cycles-Per-Sec: 1515979
Empty-Cycles-Per-Sec: 29439777
Loop-Overhead: 5.1%
Adjusted-Used-Time: 6.87666666938408
Bench-Points: 145.42
