Date: 2019-06-14 10:32:38
Test: /usr/local/lib/perl5/site_perl/5.30.0/PerlBench/benchmarks/call/2arg.t
Perl: /usr/local/bin/cperl5.22.5-nt 5.022005
Cycles: 11611770
User-Time: 7.16
System-Time: 0
Real-Time: 7.155
CPU: 100%
Cycles-Per-Sec: 1621756
Empty-Cycles-Per-Sec: 32284810
Loop-Overhead: 5.0%
Adjusted-Used-Time: 6.80033333323009
Bench-Points: 147.05
