Date: 2018-09-08 19:59:49
Test: /usr/local/lib/perl5/site_perl/5.26.1/PerlBench/benchmarks/call/2arg.t
Perl: /usr/local/bin/perl5.22.3-nt 5.022003
Cycles: 10990850
User-Time: 7.61
System-Time: 0
Real-Time: 7.605
CPU: 100%
Cycles-Per-Sec: 1444264
Empty-Cycles-Per-Sec: 20166697
Loop-Overhead: 7.2%
Adjusted-Used-Time: 7.0649999933058
Bench-Points: 141.54
