Date: 2016-11-01 22:56:19
Test: ./benchmarks/call/2arg.t
Perl: /usr/local/bin/cperl5.22.2-nt 5.022002
Cycles: 9292720
User-Time: 5.79
System-Time: 0.01
Real-Time: 5.828
CPU: 100%
Cycles-Per-Sec: 1602193
Empty-Cycles-Per-Sec: 25861002
Loop-Overhead: 6.2%
Adjusted-Used-Time: 5.44066666867742
Bench-Points: 183.8
