Date: 2019-06-14 10:32:31
Test: /usr/local/lib/perl5/site_perl/5.30.0/PerlBench/benchmarks/call/2arg.t
Perl: /usr/local/bin/perl5.22.4-nt 5.022004
Cycles: 11611770
User-Time: 7.66
System-Time: 0
Real-Time: 7.659
CPU: 100%
Cycles-Per-Sec: 1515897
Empty-Cycles-Per-Sec: 29496452
Loop-Overhead: 5.1%
Adjusted-Used-Time: 7.26633333120878
Bench-Points: 137.62
