Date: 2019-06-14 10:32:46
Test: /usr/local/lib/perl5/site_perl/5.30.0/PerlBench/benchmarks/call/2arg.t
Perl: /usr/local/bin/perl5.24.4-nt 5.024004
Cycles: 11611770
User-Time: 6.46
System-Time: 0
Real-Time: 6.455
CPU: 100%
Cycles-Per-Sec: 1797488
Empty-Cycles-Per-Sec: 22768176
Loop-Overhead: 7.9%
Adjusted-Used-Time: 5.94999998945897
Bench-Points: 168.07
