Date: 2016-11-01 22:56:32
Test: ./benchmarks/call/2arg.t
Perl: /usr/local/bin/cperl5.24.0-nt 5.024000
Cycles: 9292720
User-Time: 3.96
System-Time: 0.01
Real-Time: 3.978
CPU: 100%
Cycles-Per-Sec: 2340736
Empty-Cycles-Per-Sec: 26250621
Loop-Overhead: 8.9%
Adjusted-Used-Time: 3.61599999367634
Bench-Points: 276.55
