Date: 2019-06-14 10:32:52
Test: /usr/local/lib/perl5/site_perl/5.30.0/PerlBench/benchmarks/call/2arg.t
Perl: /usr/local/bin/cperl5.24.4-nt 5.024004
Cycles: 11611770
User-Time: 6.71
System-Time: 0
Real-Time: 6.713
CPU: 100%
Cycles-Per-Sec: 1730517
Empty-Cycles-Per-Sec: 32435112
Loop-Overhead: 5.3%
Adjusted-Used-Time: 6.35200000295976
Bench-Points: 157.43
