Date: 2018-09-08 20:00:11
Test: /usr/local/lib/perl5/site_perl/5.26.1/PerlBench/benchmarks/call/2arg.t
Perl: /usr/local/bin/cperl5.24.3-nt 5.024003
Cycles: 10990850
User-Time: 6.64
System-Time: 0
Real-Time: 6.641
CPU: 100%
Cycles-Per-Sec: 1655248
Empty-Cycles-Per-Sec: 29785501
Loop-Overhead: 5.6%
Adjusted-Used-Time: 6.27099999560189
Bench-Points: 159.46
