Date: 2016-11-01 22:56:36
Test: ./benchmarks/call/2arg.t
Perl: /usr/local/bin/perl5.24.0-nt 5.024000
Cycles: 9292720
User-Time: 4.91
System-Time: 0.01
Real-Time: 4.935
CPU: 100%
Cycles-Per-Sec: 1888764
Empty-Cycles-Per-Sec: 25413090
Loop-Overhead: 7.4%
Adjusted-Used-Time: 4.55433332979185
Bench-Points: 219.57
