Date: 2018-09-08 20:00:04
Test: /usr/local/lib/perl5/site_perl/5.26.1/PerlBench/benchmarks/call/2arg.t
Perl: /usr/local/bin/perl5.24.3-nt 5.024003
Cycles: 10990850
User-Time: 6.54
System-Time: 0
Real-Time: 6.538
CPU: 100%
Cycles-Per-Sec: 1680558
Empty-Cycles-Per-Sec: 22339126
Loop-Overhead: 7.5%
Adjusted-Used-Time: 6.04799999964188
Bench-Points: 165.34
