Date: 2016-11-01 22:56:45
Test: ./benchmarks/call/2arg.t
Perl: /usr/local/bin/perl5.25.3-nt 5.025003
Cycles: 9292720
User-Time: 4.93
System-Time: 0.01
Real-Time: 4.956
CPU: 100%
Cycles-Per-Sec: 1881117
Empty-Cycles-Per-Sec: 25765397
Loop-Overhead: 7.3%
Adjusted-Used-Time: 4.57933332756332
Bench-Points: 218.37
