Date: 2016-11-01 22:56:41
Test: ./benchmarks/call/2arg.t
Perl: /usr/local/bin/cperl5.25.2-nt 5.025002
Cycles: 9292720
User-Time: 4.07
System-Time: 0.01
Real-Time: 4.097
CPU: 100%
Cycles-Per-Sec: 2277627
Empty-Cycles-Per-Sec: 25413090
Loop-Overhead: 9.0%
Adjusted-Used-Time: 3.71433332979185
Bench-Points: 269.23
