Date: 2018-09-08 20:00:24
Test: /usr/local/lib/perl5/site_perl/5.26.1/PerlBench/benchmarks/call/2arg.t
Perl: /usr/local/bin/cperl5.26.2-nt 5.026002
Cycles: 10990850
User-Time: 5.99
System-Time: 0
Real-Time: 5.990
CPU: 100%
Cycles-Per-Sec: 1834866
Empty-Cycles-Per-Sec: 27340423
Loop-Overhead: 6.7%
Adjusted-Used-Time: 5.58800000168249
Bench-Points: 178.95
