Date: 2019-06-14 10:32:59
Test: /usr/local/lib/perl5/site_perl/5.30.0/PerlBench/benchmarks/call/2arg.t
Perl: /usr/local/bin/perl5.26.3-nt 5.026003
Cycles: 11611770
User-Time: 6.65
System-Time: 0
Real-Time: 6.649
CPU: 100%
Cycles-Per-Sec: 1746131
Empty-Cycles-Per-Sec: 32254917
Loop-Overhead: 5.4%
Adjusted-Used-Time: 6.29000000372036
Bench-Points: 158.98
