Date: 2018-09-08 20:00:17
Test: /usr/local/lib/perl5/site_perl/5.26.1/PerlBench/benchmarks/call/2arg.t
Perl: /usr/local/bin/perl5.26.2-nt 5.026002
Cycles: 10990850
User-Time: 6.7
System-Time: 0
Real-Time: 6.694
CPU: 100%
Cycles-Per-Sec: 1640425
Empty-Cycles-Per-Sec: 32710863
Loop-Overhead: 5.0%
Adjusted-Used-Time: 6.36399999902173
Bench-Points: 157.13
