Date: 2019-06-14 10:33:05
Test: /usr/local/lib/perl5/site_perl/5.30.0/PerlBench/benchmarks/call/2arg.t
Perl: /usr/local/bin/cperl5.26.5-nt 5.026005
Cycles: 11611770
User-Time: 5.8
System-Time: 0
Real-Time: 5.803
CPU: 100%
Cycles-Per-Sec: 2002029
Empty-Cycles-Per-Sec: 22005881
Loop-Overhead: 9.1%
Adjusted-Used-Time: 5.27233332762274
Bench-Points: 189.67
