Date: 2019-06-14 10:33:18
Test: /usr/local/lib/perl5/site_perl/5.30.0/PerlBench/benchmarks/call/2arg.t
Perl: /usr/local/bin/cperl5.28.2-nt 5.028002
Cycles: 11611770
User-Time: 6.18
System-Time: 0
Real-Time: 6.188
CPU: 100%
Cycles-Per-Sec: 1878927
Empty-Cycles-Per-Sec: 22738453
Loop-Overhead: 8.3%
Adjusted-Used-Time: 5.66933333327469
Bench-Points: 176.39
