Date: 2019-06-14 10:33:11
Test: /usr/local/lib/perl5/site_perl/5.30.0/PerlBench/benchmarks/call/2arg.t
Perl: /usr/local/bin/perl5.28.2-nt 5.028002
Cycles: 11611770
User-Time: 6.6
System-Time: 0
Real-Time: 6.601
CPU: 100%
Cycles-Per-Sec: 1759359
Empty-Cycles-Per-Sec: 22358992
Loop-Overhead: 7.9%
Adjusted-Used-Time: 6.08066665974924
Bench-Points: 164.46
