Date: 2018-09-08 20:00:36
Test: /usr/local/lib/perl5/site_perl/5.26.1/PerlBench/benchmarks/call/2arg.t
Perl: /usr/local/bin/cperl5.28.0-nt 5.028000
Cycles: 10990850
User-Time: 5.46
System-Time: 0
Real-Time: 5.459
CPU: 100%
Cycles-Per-Sec: 2012976
Empty-Cycles-Per-Sec: 23302155
Loop-Overhead: 8.6%
Adjusted-Used-Time: 4.98833332367757
Bench-Points: 200.47
