Date: 2018-09-08 20:00:30
Test: /usr/local/lib/perl5/site_perl/5.26.1/PerlBench/benchmarks/call/2arg.t
Perl: /usr/local/bin/perl5.28.0-nt 5.028000
Cycles: 10990850
User-Time: 5.89
System-Time: 0
Real-Time: 5.886
CPU: 100%
Cycles-Per-Sec: 1866019
Empty-Cycles-Per-Sec: 29179248
Loop-Overhead: 6.4%
Adjusted-Used-Time: 5.51333333607501
Bench-Points: 181.38
