Date: 2019-06-14 10:33:30
Test: /usr/local/lib/perl5/site_perl/5.30.0/PerlBench/benchmarks/call/2arg.t
Perl: /usr/local/bin/cperl5.30.0-nt 5.030000
Cycles: 11611770
User-Time: 5.35
System-Time: 0
Real-Time: 5.349
CPU: 100%
Cycles-Per-Sec: 2170424
Empty-Cycles-Per-Sec: 33463314
Loop-Overhead: 6.5%
Adjusted-Used-Time: 5.00299999874489
Bench-Points: 199.88
