Date: 2019-06-14 10:33:24
Test: /usr/local/lib/perl5/site_perl/5.30.0/PerlBench/benchmarks/call/2arg.t
Perl: /usr/local/bin/perl5.30.0-nt 5.030000
Cycles: 11611770
User-Time: 6.06
System-Time: 0
Real-Time: 6.061
CPU: 100%
Cycles-Per-Sec: 1916134
Empty-Cycles-Per-Sec: 31900467
Loop-Overhead: 6.0%
Adjusted-Used-Time: 5.69599999962383
Bench-Points: 175.56
