Date: 2019-06-14 10:31:47
Test: /usr/local/lib/perl5/site_perl/5.30.0/PerlBench/benchmarks/call/2arg.t
Perl: /usr/local/bin/perl5.6.2-nt 5.006002
Cycles: 11611770
User-Time: 11.31
System-Time: 0
Real-Time: 12
CPU: 94%
Cycles-Per-Sec: 1026682
Empty-Cycles-Per-Sec: 19256667
Loop-Overhead: 5.3%
Adjusted-Used-Time: 10.7070000104379
Bench-Points: 93.397
