Date: 2016-11-01 22:55:29
Test: ./benchmarks/call/2arg.t
Perl: /usr/local/bin/perl5.8.8-nt 5.008008
Cycles: 9292720
User-Time: 7.14
System-Time: 0.02
Real-Time: 7.186
CPU: 100%
Cycles-Per-Sec: 1297866
Empty-Cycles-Per-Sec: 23135402
Loop-Overhead: 5.6%
Adjusted-Used-Time: 6.75833332483265
Bench-Points: 147.97
