Date: 2019-06-14 10:31:59
Test: /usr/local/lib/perl5/site_perl/5.30.0/PerlBench/benchmarks/call/2arg.t
Perl: /usr/local/bin/perl5.8.9-nt 5.008009
Cycles: 11611770
User-Time: 11.53
System-Time: 0
Real-Time: 11.526
CPU: 100%
Cycles-Per-Sec: 1007092
Empty-Cycles-Per-Sec: 20527584
Loop-Overhead: 4.9%
Adjusted-Used-Time: 10.9643333341128
Bench-Points: 91.205
