Date: 2016-11-01 23:44:12
Test: ./benchmarks/startup/noprog.t
Perl: /usr/local/bin/perl5.10.1-nt 5.010001
Cycles: 3252
User-Time: 5.18
System-Time: 4.47
Real-Time: 9.957
CPU: 97%
Cycles-Per-Sec: 337
Empty-Cycles-Per-Sec: 22555146
Loop-Overhead: 0.0%
Adjusted-Used-Time: 9.64985582004213
Bench-Points: 103.63
