Date: 2016-11-01 23:44:22
Test: ./benchmarks/startup/noprog.t
Perl: /usr/local/bin/perl5.12.5-nt 5.012005
Cycles: 3252
User-Time: 5.29
System-Time: 4.58
Real-Time: 10.168
CPU: 97%
Cycles-Per-Sec: 329
Empty-Cycles-Per-Sec: 21297296
Loop-Overhead: 0.0%
Adjusted-Used-Time: 9.86984730455923
Bench-Points: 101.32
