Date: 2016-11-01 23:44:32
Test: ./benchmarks/startup/noprog.t
Perl: /usr/local/bin/perl5.14.4-nt 5.014004
Cycles: 3252
User-Time: 5.59
System-Time: 5.05
Real-Time: 23.654
CPU: 45%
Cycles-Per-Sec: 306
Empty-Cycles-Per-Sec: 23329004
Loop-Overhead: 0.0%
Adjusted-Used-Time: 10.6398606027073
Bench-Points: 93.986
