Date: 2016-11-01 23:44:55
Test: ./benchmarks/startup/noprog.t
Perl: /usr/local/bin/perl5.16.3-nt 5.016003
Cycles: 3252
User-Time: 5.46
System-Time: 4.76
Real-Time: 10.559
CPU: 97%
Cycles-Per-Sec: 318
Empty-Cycles-Per-Sec: 22757682
Loop-Overhead: 0.0%
Adjusted-Used-Time: 10.2198571031971
Bench-Points: 97.849
