Date: 2016-11-01 23:45:06
Test: ./benchmarks/startup/noprog.t
Perl: /usr/local/bin/perl5.18.4-nt 5.018004
Cycles: 3252
User-Time: 3.99
System-Time: 4.98
Real-Time: 21.681
CPU: 41%
Cycles-Per-Sec: 363
Empty-Cycles-Per-Sec: 24627350
Loop-Overhead: 0.0%
Adjusted-Used-Time: 8.96986795168786
Bench-Points: 111.48
