Date: 2016-11-01 23:45:28
Test: ./benchmarks/startup/noprog.t
Perl: /usr/local/bin/perl5.20.3-nt 5.020003
Cycles: 3252
User-Time: 3.99
System-Time: 4.56
Real-Time: 8.847
CPU: 97%
Cycles-Per-Sec: 380
Empty-Cycles-Per-Sec: 22832236
Loop-Overhead: 0.0%
Adjusted-Used-Time: 8.54985756979737
Bench-Points: 116.96
