Date: 2016-11-01 23:45:37
Test: ./benchmarks/startup/noprog.t
Perl: /usr/local/bin/cperl5.22.2-nt 5.022002
Cycles: 3252
User-Time: 4.12
System-Time: 5
Real-Time: 21.945
CPU: 42%
Cycles-Per-Sec: 357
Empty-Cycles-Per-Sec: 25861002
Loop-Overhead: 0.0%
Adjusted-Used-Time: 9.11987425081209
Bench-Points: 109.65
