Date: 2016-11-01 23:45:59
Test: ./benchmarks/startup/noprog.t
Perl: /usr/local/bin/perl5.22.2-nt 5.022002
Cycles: 3252
User-Time: 3.87
System-Time: 4.57
Real-Time: 8.726
CPU: 97%
Cycles-Per-Sec: 385
Empty-Cycles-Per-Sec: 23231800
Loop-Overhead: 0.0%
Adjusted-Used-Time: 8.43986001945609
Bench-Points: 118.49
