Date: 2016-11-01 23:46:07
Test: ./benchmarks/startup/noprog.t
Perl: /usr/local/bin/cperl5.24.0-nt 5.024000
Cycles: 3252
User-Time: 3.82
System-Time: 4.42
Real-Time: 8.578
CPU: 96%
Cycles-Per-Sec: 395
Empty-Cycles-Per-Sec: 26250621
Loop-Overhead: 0.0%
Adjusted-Used-Time: 8.23987611721643
Bench-Points: 121.36
