Date: 2016-11-01 23:46:16
Test: ./benchmarks/startup/noprog.t
Perl: /usr/local/bin/perl5.24.0-nt 5.024000
Cycles: 3252
User-Time: 3.92
System-Time: 4.74
Real-Time: 9.025
CPU: 96%
Cycles-Per-Sec: 376
Empty-Cycles-Per-Sec: 25413090
Loop-Overhead: 0.0%
Adjusted-Used-Time: 8.65987203445154
Bench-Points: 115.48
