Date: 2016-11-01 23:46:25
Test: ./benchmarks/startup/noprog.t
Perl: /usr/local/bin/cperl5.25.2-nt 5.025002
Cycles: 3252
User-Time: 4
System-Time: 4.98
Real-Time: 21.845
CPU: 41%
Cycles-Per-Sec: 362
Empty-Cycles-Per-Sec: 25413090
Loop-Overhead: 0.0%
Adjusted-Used-Time: 8.97987203445154
Bench-Points: 111.36
