Date: 2016-11-01 23:46:47
Test: ./benchmarks/startup/noprog.t
Perl: /usr/local/bin/perl5.25.3-nt 5.025003
Cycles: 3252
User-Time: 4.03
System-Time: 5.17
Real-Time: 21.790
CPU: 42%
Cycles-Per-Sec: 353
Empty-Cycles-Per-Sec: 25765397
Loop-Overhead: 0.0%
Adjusted-Used-Time: 9.19987378420755
Bench-Points: 108.7
