Date: 2016-11-01 23:43:48
Test: ./benchmarks/startup/noprog.t
Perl: /usr/local/bin/perl5.8.8-nt 5.008008
Cycles: 3252
User-Time: 5.59
System-Time: 5.2
Real-Time: 23.981
CPU: 45%
Cycles-Per-Sec: 301
Empty-Cycles-Per-Sec: 23135402
Loop-Overhead: 0.0%
Adjusted-Used-Time: 10.7898594362008
Bench-Points: 92.68
