Date: 2016-11-01 23:26:07
Test: ./benchmarks/loop/for-range.t
Perl: /usr/local/bin/perl5.10.1-nt 5.010001
Cycles: 696954
User-Time: 11.01
System-Time: 0.02
Real-Time: 11.080
CPU: 100%
Cycles-Per-Sec: 63187
Empty-Cycles-Per-Sec: 22555146
Loop-Overhead: 0.3%
Adjusted-Used-Time: 10.9991000005054
Bench-Points: 90.917
