Date: 2016-11-01 23:26:18
Test: ./benchmarks/loop/for-range.t
Perl: /usr/local/bin/perl5.12.5-nt 5.012005
Cycles: 696954
User-Time: 10.4
System-Time: 0.01
Real-Time: 10.416
CPU: 100%
Cycles-Per-Sec: 66950
Empty-Cycles-Per-Sec: 21297296
Loop-Overhead: 0.3%
Adjusted-Used-Time: 10.3772750005447
Bench-Points: 96.364
