Date: 2018-09-08 20:23:52
Test: /usr/local/lib/perl5/site_perl/5.26.1/PerlBench/benchmarks/loop/for-range.t
Perl: /usr/local/bin/perl5.14.4-nt 5.014004
Cycles: 824313
User-Time: 15.78
System-Time: 0
Real-Time: 15.776
CPU: 100%
Cycles-Per-Sec: 52238
Empty-Cycles-Per-Sec: 16511042
Loop-Overhead: 0.3%
Adjusted-Used-Time: 15.7300750467475
Bench-Points: 63.572
