Date: 2019-06-14 11:12:00
Test: /usr/local/lib/perl5/site_perl/5.30.0/PerlBench/benchmarks/loop/for-range.t
Perl: /usr/local/bin/perl5.14.4-nt@g 5.014004
Cycles: 870882
User-Time: 12.47
System-Time: 0
Real-Time: 12.469
CPU: 100%
Cycles-Per-Sec: 69838
Empty-Cycles-Per-Sec: 28115666
Loop-Overhead: 0.2%
Adjusted-Used-Time: 12.4390250268302
Bench-Points: 80.392
