Date: 2016-11-01 23:26:29
Test: ./benchmarks/loop/for-range.t
Perl: /usr/local/bin/perl5.14.4-nt 5.014004
Cycles: 696954
User-Time: 11.11
System-Time: 0.01
Real-Time: 11.128
CPU: 100%
Cycles-Per-Sec: 62676
Empty-Cycles-Per-Sec: 23329004
Loop-Overhead: 0.3%
Adjusted-Used-Time: 11.0901249997642
Bench-Points: 90.17
