Date: 2016-11-01 23:26:40
Test: ./benchmarks/loop/for-range.t
Perl: /usr/local/bin/perl5.16.3-nt 5.016003
Cycles: 696954
User-Time: 10.79
System-Time: 0
Real-Time: 10.798
CPU: 100%
Cycles-Per-Sec: 64593
Empty-Cycles-Per-Sec: 22757682
Loop-Overhead: 0.3%
Adjusted-Used-Time: 10.7593750004943
Bench-Points: 92.942
