Date: 2019-06-14 11:12:12
Test: /usr/local/lib/perl5/site_perl/5.30.0/PerlBench/benchmarks/loop/for-range.t
Perl: /usr/local/bin/perl5.18.4-nt 5.018004
Cycles: 870882
User-Time: 11.89
System-Time: 0
Real-Time: 11.890
CPU: 100%
Cycles-Per-Sec: 73245
Empty-Cycles-Per-Sec: 30108306
Loop-Overhead: 0.2%
Adjusted-Used-Time: 11.8610750249449
Bench-Points: 84.309
