Date: 2016-11-01 23:26:51
Test: ./benchmarks/loop/for-range.t
Perl: /usr/local/bin/perl5.18.4-nt 5.018004
Cycles: 696954
User-Time: 10.48
System-Time: 0.02
Real-Time: 10.521
CPU: 100%
Cycles-Per-Sec: 66377
Empty-Cycles-Per-Sec: 24627350
Loop-Overhead: 0.3%
Adjusted-Used-Time: 10.471700000203
Bench-Points: 95.495
