Date: 2016-11-01 23:27:01
Test: ./benchmarks/loop/for-range.t
Perl: /usr/local/bin/perl5.20.3-nt 5.020003
Cycles: 696954
User-Time: 10.75
System-Time: 0.02
Real-Time: 10.806
CPU: 100%
Cycles-Per-Sec: 64713
Empty-Cycles-Per-Sec: 22832236
Loop-Overhead: 0.3%
Adjusted-Used-Time: 10.7394750001708
Bench-Points: 93.114
