Date: 2019-06-14 11:12:24
Test: /usr/local/lib/perl5/site_perl/5.30.0/PerlBench/benchmarks/loop/for-range.t
Perl: /usr/local/bin/perl5.22.4-nt 5.022004
Cycles: 870882
User-Time: 12.96
System-Time: 0
Real-Time: 12.960
CPU: 100%
Cycles-Per-Sec: 67198
Empty-Cycles-Per-Sec: 29496452
Loop-Overhead: 0.2%
Adjusted-Used-Time: 12.9304750252674
Bench-Points: 77.337
