Date: 2019-06-14 11:12:37
Test: /usr/local/lib/perl5/site_perl/5.30.0/PerlBench/benchmarks/loop/for-range.t
Perl: /usr/local/bin/cperl5.22.5-nt 5.022005
Cycles: 870882
User-Time: 12.27
System-Time: 0
Real-Time: 12.270
CPU: 100%
Cycles-Per-Sec: 70977
Empty-Cycles-Per-Sec: 32284810
Loop-Overhead: 0.2%
Adjusted-Used-Time: 12.243025023223
Bench-Points: 81.679
