Date: 2018-09-08 20:24:21
Test: /usr/local/lib/perl5/site_perl/5.26.1/PerlBench/benchmarks/loop/for-range.t
Perl: /usr/local/bin/cperl5.22.5-nt 5.022005
Cycles: 824313
User-Time: 11.79
System-Time: 0
Real-Time: 11.795
CPU: 100%
Cycles-Per-Sec: 69916
Empty-Cycles-Per-Sec: 29439777
Loop-Overhead: 0.2%
Adjusted-Used-Time: 11.7620000256795
Bench-Points: 85.02
