Date: 2016-11-01 23:27:12
Test: ./benchmarks/loop/for-range.t
Perl: /usr/local/bin/cperl5.22.2-nt 5.022002
Cycles: 696954
User-Time: 10.1
System-Time: 0.02
Real-Time: 10.152
CPU: 100%
Cycles-Per-Sec: 68869
Empty-Cycles-Per-Sec: 25861002
Loop-Overhead: 0.3%
Adjusted-Used-Time: 10.0930500001508
Bench-Points: 99.078
