Date: 2019-06-14 11:12:50
Test: /usr/local/lib/perl5/site_perl/5.30.0/PerlBench/benchmarks/loop/for-range.t
Perl: /usr/local/bin/perl5.24.4-nt 5.024004
Cycles: 870882
User-Time: 10.5
System-Time: 0
Real-Time: 10.495
CPU: 100%
Cycles-Per-Sec: 82941
Empty-Cycles-Per-Sec: 22768176
Loop-Overhead: 0.4%
Adjusted-Used-Time: 10.4617500321501
Bench-Points: 95.586
