Date: 2019-06-14 11:13:00
Test: /usr/local/lib/perl5/site_perl/5.30.0/PerlBench/benchmarks/loop/for-range.t
Perl: /usr/local/bin/cperl5.24.4-nt 5.024004
Cycles: 870882
User-Time: 10.59
System-Time: 0
Real-Time: 10.592
CPU: 100%
Cycles-Per-Sec: 82236
Empty-Cycles-Per-Sec: 32435112
Loop-Overhead: 0.3%
Adjusted-Used-Time: 10.5631500233451
Bench-Points: 94.669
