Date: 2018-09-08 20:24:33
Test: /usr/local/lib/perl5/site_perl/5.26.1/PerlBench/benchmarks/loop/for-range.t
Perl: /usr/local/bin/perl5.24.3-nt 5.024003
Cycles: 824313
User-Time: 10.9
System-Time: 0
Real-Time: 10.898
CPU: 100%
Cycles-Per-Sec: 75625
Empty-Cycles-Per-Sec: 22339126
Loop-Overhead: 0.3%
Adjusted-Used-Time: 10.8631000335465
Bench-Points: 92.055
