Date: 2016-11-01 23:27:33
Test: ./benchmarks/loop/for-range.t
Perl: /usr/local/bin/cperl5.24.0-nt 5.024000
Cycles: 696954
User-Time: 8.93
System-Time: 0.01
Real-Time: 8.942
CPU: 100%
Cycles-Per-Sec: 77959
Empty-Cycles-Per-Sec: 26250621
Loop-Overhead: 0.3%
Adjusted-Used-Time: 8.91344999952572
Bench-Points: 112.19
