Date: 2018-09-08 20:24:43
Test: /usr/local/lib/perl5/site_perl/5.26.1/PerlBench/benchmarks/loop/for-range.t
Perl: /usr/local/bin/cperl5.24.3-nt 5.024003
Cycles: 824313
User-Time: 13.95
System-Time: 0
Real-Time: 13.946
CPU: 100%
Cycles-Per-Sec: 59091
Empty-Cycles-Per-Sec: 29785501
Loop-Overhead: 0.2%
Adjusted-Used-Time: 13.9223250248502
Bench-Points: 71.827
