Date: 2016-11-01 23:27:42
Test: ./benchmarks/loop/for-range.t
Perl: /usr/local/bin/perl5.24.0-nt 5.024000
Cycles: 696954
User-Time: 8.93
System-Time: 0
Real-Time: 8.941
CPU: 100%
Cycles-Per-Sec: 78046
Empty-Cycles-Per-Sec: 25413090
Loop-Overhead: 0.3%
Adjusted-Used-Time: 8.90257499973439
Bench-Points: 112.33
