Date: 2016-11-01 23:27:51
Test: ./benchmarks/loop/for-range.t
Perl: /usr/local/bin/cperl5.25.2-nt 5.025002
Cycles: 696954
User-Time: 9.04
System-Time: 0
Real-Time: 9.050
CPU: 100%
Cycles-Per-Sec: 77097
Empty-Cycles-Per-Sec: 25413090
Loop-Overhead: 0.3%
Adjusted-Used-Time: 9.01257499973439
Bench-Points: 110.96
