Date: 2016-11-01 23:28:00
Test: ./benchmarks/loop/for-range.t
Perl: /usr/local/bin/perl5.25.3-nt 5.025003
Cycles: 696954
User-Time: 9.01
System-Time: 0.03
Real-Time: 9.090
CPU: 99%
Cycles-Per-Sec: 77097
Empty-Cycles-Per-Sec: 25765397
Loop-Overhead: 0.3%
Adjusted-Used-Time: 9.01294999956725
Bench-Points: 110.95
