Date: 2018-09-08 20:24:57
Test: /usr/local/lib/perl5/site_perl/5.26.1/PerlBench/benchmarks/loop/for-range.t
Perl: /usr/local/bin/perl5.26.2-nt 5.026002
Cycles: 824313
User-Time: 9.94
System-Time: 0
Real-Time: 9.939
CPU: 100%
Cycles-Per-Sec: 82929
Empty-Cycles-Per-Sec: 32710863
Loop-Overhead: 0.3%
Adjusted-Used-Time: 9.91480002285479
Bench-Points: 100.86
