Date: 2019-06-14 11:13:11
Test: /usr/local/lib/perl5/site_perl/5.30.0/PerlBench/benchmarks/loop/for-range.t
Perl: /usr/local/bin/perl5.26.3-nt 5.026003
Cycles: 870882
User-Time: 10.55
System-Time: 0
Real-Time: 10.553
CPU: 100%
Cycles-Per-Sec: 82548
Empty-Cycles-Per-Sec: 32254917
Loop-Overhead: 0.3%
Adjusted-Used-Time: 10.5230000235313
Bench-Points: 95.03
