Date: 2019-06-14 11:13:21
Test: /usr/local/lib/perl5/site_perl/5.30.0/PerlBench/benchmarks/loop/for-range.t
Perl: /usr/local/bin/cperl5.26.5-nt 5.026005
Cycles: 870882
User-Time: 10.06
System-Time: 0
Real-Time: 10.068
CPU: 100%
Cycles-Per-Sec: 86569
Empty-Cycles-Per-Sec: 22005881
Loop-Overhead: 0.4%
Adjusted-Used-Time: 10.0204250336535
Bench-Points: 99.796
