Date: 2018-09-08 20:25:17
Test: /usr/local/lib/perl5/site_perl/5.26.1/PerlBench/benchmarks/loop/for-range.t
Perl: /usr/local/bin/perl5.28.0-nt 5.028000
Cycles: 824313
User-Time: 10.06
System-Time: 0
Real-Time: 10.061
CPU: 100%
Cycles-Per-Sec: 81940
Empty-Cycles-Per-Sec: 29179248
Loop-Overhead: 0.3%
Adjusted-Used-Time: 10.0317500259088
Bench-Points: 99.684
