Date: 2019-06-14 11:13:51
Test: /usr/local/lib/perl5/site_perl/5.30.0/PerlBench/benchmarks/loop/for-range.t
Perl: /usr/local/bin/perl5.30.0-nt 5.030000
Cycles: 870882
User-Time: 9.51
System-Time: 0
Real-Time: 9.509
CPU: 100%
Cycles-Per-Sec: 91575
Empty-Cycles-Per-Sec: 31900467
Loop-Overhead: 0.3%
Adjusted-Used-Time: 9.48270002348242
Bench-Points: 105.46
