Date: 2019-06-14 11:11:48
Test: /usr/local/lib/perl5/site_perl/5.30.0/PerlBench/benchmarks/loop/for-range.t
Perl: /usr/local/bin/perl5.8.9-nt 5.008009
Cycles: 870882
User-Time: 12.19
System-Time: 0
Real-Time: 12.198
CPU: 100%
Cycles-Per-Sec: 71442
Empty-Cycles-Per-Sec: 20527584
Loop-Overhead: 0.3%
Adjusted-Used-Time: 12.1475750365947
Bench-Points: 82.321
