Date: 2016-11-01 23:25:57
Test: ./benchmarks/loop/for-range.t
Perl: /usr/local/bin/perl5.8.8-nt 5.008008
Cycles: 696954
User-Time: 10.12
System-Time: 0.01
Real-Time: 10.138
CPU: 100%
Cycles-Per-Sec: 68801
Empty-Cycles-Per-Sec: 23135402
Loop-Overhead: 0.3%
Adjusted-Used-Time: 10.0998749993624
Bench-Points: 99.011
