Date: 2016-11-01 23:38:07
Test: ./benchmarks/re/w.t
Perl: /usr/local/bin/perl5.10.1-nt 5.010001
Cycles: 13939080
User-Time: 11.63
System-Time: 0.04
Real-Time: 11.743
CPU: 99%
Cycles-Per-Sec: 1194437
Empty-Cycles-Per-Sec: 22555146
Loop-Overhead: 5.3%
Adjusted-Used-Time: 11.0520000101086
Bench-Points: 90.481
