Date: 2016-11-01 23:38:19
Test: ./benchmarks/re/w.t
Perl: /usr/local/bin/perl5.12.5-nt 5.012005
Cycles: 13939080
User-Time: 11.59
System-Time: 0.07
Real-Time: 11.750
CPU: 99%
Cycles-Per-Sec: 1195461
Empty-Cycles-Per-Sec: 21297296
Loop-Overhead: 5.6%
Adjusted-Used-Time: 11.0055000108934
Bench-Points: 90.864
