Date: 2019-06-14 11:26:35
Test: /usr/local/lib/perl5/site_perl/5.30.0/PerlBench/benchmarks/re/w.t
Perl: /usr/local/bin/perl5.14.4-nt@g 5.014004
Cycles: 17417655
User-Time: 16.96
System-Time: 0
Real-Time: 16.955
CPU: 100%
Cycles-Per-Sec: 1026984
Empty-Cycles-Per-Sec: 28115666
Loop-Overhead: 3.7%
Adjusted-Used-Time: 16.3405000030944
Bench-Points: 61.198
