Date: 2018-09-08 20:32:59
Test: /usr/local/lib/perl5/site_perl/5.26.1/PerlBench/benchmarks/re/w.t
Perl: /usr/local/bin/perl5.14.4-nt 5.014004
Cycles: 16486275
User-Time: 15.74
System-Time: 0
Real-Time: 15.743
CPU: 100%
Cycles-Per-Sec: 1047413
Empty-Cycles-Per-Sec: 16511042
Loop-Overhead: 6.3%
Adjusted-Used-Time: 14.7415000264671
Bench-Points: 67.836
