Date: 2016-11-01 23:38:31
Test: ./benchmarks/re/w.t
Perl: /usr/local/bin/perl5.14.4-nt 5.014004
Cycles: 13939080
User-Time: 10.55
System-Time: 0.01
Real-Time: 10.565
CPU: 100%
Cycles-Per-Sec: 1319989
Empty-Cycles-Per-Sec: 23329004
Loop-Overhead: 5.7%
Adjusted-Used-Time: 9.96249999528484
Bench-Points: 100.38
