Date: 2016-11-01 23:38:41
Test: ./benchmarks/re/w.t
Perl: /usr/local/bin/perl5.16.3-nt 5.016003
Cycles: 13939080
User-Time: 10.5
System-Time: 0.01
Real-Time: 10.519
CPU: 100%
Cycles-Per-Sec: 1326268
Empty-Cycles-Per-Sec: 22757682
Loop-Overhead: 5.8%
Adjusted-Used-Time: 9.89750000988677
Bench-Points: 101.04
