Date: 2016-11-01 23:38:52
Test: ./benchmarks/re/w.t
Perl: /usr/local/bin/perl5.18.4-nt 5.018004
Cycles: 13939080
User-Time: 12.09
System-Time: 0.01
Real-Time: 12.117
CPU: 100%
Cycles-Per-Sec: 1151990
Empty-Cycles-Per-Sec: 24627350
Loop-Overhead: 4.7%
Adjusted-Used-Time: 11.5340000040605
Bench-Points: 86.7
