Date: 2019-06-14 11:26:52
Test: /usr/local/lib/perl5/site_perl/5.30.0/PerlBench/benchmarks/re/w.t
Perl: /usr/local/bin/perl5.18.4-nt 5.018004
Cycles: 17417655
User-Time: 16.66
System-Time: 0
Real-Time: 16.662
CPU: 100%
Cycles-Per-Sec: 1045477
Empty-Cycles-Per-Sec: 30108306
Loop-Overhead: 3.5%
Adjusted-Used-Time: 16.0815000006975
Bench-Points: 62.183
