Date: 2016-11-01 23:39:04
Test: ./benchmarks/re/w.t
Perl: /usr/local/bin/perl5.20.3-nt 5.020003
Cycles: 13939080
User-Time: 11.47
System-Time: 0.01
Real-Time: 11.485
CPU: 100%
Cycles-Per-Sec: 1214206
Empty-Cycles-Per-Sec: 22832236
Loop-Overhead: 5.3%
Adjusted-Used-Time: 10.8695000034162
Bench-Points: 92.001
