Date: 2019-06-14 11:27:09
Test: /usr/local/lib/perl5/site_perl/5.30.0/PerlBench/benchmarks/re/w.t
Perl: /usr/local/bin/perl5.22.4-nt 5.022004
Cycles: 17417655
User-Time: 15.71
System-Time: 0
Real-Time: 15.708
CPU: 100%
Cycles-Per-Sec: 1108699
Empty-Cycles-Per-Sec: 29496452
Loop-Overhead: 3.8%
Adjusted-Used-Time: 15.1194999968132
Bench-Points: 66.14
