Date: 2018-09-08 20:33:14
Test: /usr/local/lib/perl5/site_perl/5.26.1/PerlBench/benchmarks/re/w.t
Perl: /usr/local/bin/perl5.22.3-nt 5.022003
Cycles: 16486275
User-Time: 16.91
System-Time: 0
Real-Time: 16.916
CPU: 100%
Cycles-Per-Sec: 974942
Empty-Cycles-Per-Sec: 20166697
Loop-Overhead: 4.8%
Adjusted-Used-Time: 16.0924999899587
Bench-Points: 62.141
