Date: 2016-11-01 23:39:16
Test: ./benchmarks/re/w.t
Perl: /usr/local/bin/cperl5.22.2-nt 5.022002
Cycles: 13939080
User-Time: 11.44
System-Time: 0.03
Real-Time: 11.520
CPU: 100%
Cycles-Per-Sec: 1215264
Empty-Cycles-Per-Sec: 25861002
Loop-Overhead: 4.7%
Adjusted-Used-Time: 10.9310000030161
Bench-Points: 91.483
