Date: 2019-06-14 11:27:25
Test: /usr/local/lib/perl5/site_perl/5.30.0/PerlBench/benchmarks/re/w.t
Perl: /usr/local/bin/cperl5.22.5-nt 5.022005
Cycles: 17417655
User-Time: 13.93
System-Time: 0
Real-Time: 13.931
CPU: 100%
Cycles-Per-Sec: 1250370
Empty-Cycles-Per-Sec: 32284810
Loop-Overhead: 3.9%
Adjusted-Used-Time: 13.3904999998451
Bench-Points: 74.68
