Date: 2018-09-08 20:33:31
Test: /usr/local/lib/perl5/site_perl/5.26.1/PerlBench/benchmarks/re/w.t
Perl: /usr/local/bin/cperl5.22.5-nt 5.022005
Cycles: 16486275
User-Time: 13.04
System-Time: 0
Real-Time: 13.048
CPU: 100%
Cycles-Per-Sec: 1264285
Empty-Cycles-Per-Sec: 29439777
Loop-Overhead: 4.3%
Adjusted-Used-Time: 12.4800000040761
Bench-Points: 80.128
