Date: 2016-11-01 23:39:39
Test: ./benchmarks/re/w.t
Perl: /usr/local/bin/cperl5.24.0-nt 5.024000
Cycles: 13939080
User-Time: 11.52
System-Time: 0.04
Real-Time: 11.612
CPU: 100%
Cycles-Per-Sec: 1205803
Empty-Cycles-Per-Sec: 26250621
Loop-Overhead: 4.6%
Adjusted-Used-Time: 11.0289999905145
Bench-Points: 90.67
