Date: 2019-06-14 11:27:54
Test: /usr/local/lib/perl5/site_perl/5.30.0/PerlBench/benchmarks/re/w.t
Perl: /usr/local/bin/cperl5.24.4-nt 5.024004
Cycles: 17417655
User-Time: 16.02
System-Time: 0
Real-Time: 16.015
CPU: 100%
Cycles-Per-Sec: 1087244
Empty-Cycles-Per-Sec: 32435112
Loop-Overhead: 3.4%
Adjusted-Used-Time: 15.4830000044396
Bench-Points: 64.587
