Date: 2019-06-14 11:27:39
Test: /usr/local/lib/perl5/site_perl/5.30.0/PerlBench/benchmarks/re/w.t
Perl: /usr/local/bin/perl5.24.4-nt 5.024004
Cycles: 17417655
User-Time: 15.39
System-Time: 0
Real-Time: 15.392
CPU: 100%
Cycles-Per-Sec: 1131751
Empty-Cycles-Per-Sec: 22768176
Loop-Overhead: 5.0%
Adjusted-Used-Time: 14.6249999841885
Bench-Points: 68.376
