Date: 2018-09-08 20:33:59
Test: /usr/local/lib/perl5/site_perl/5.26.1/PerlBench/benchmarks/re/w.t
Perl: /usr/local/bin/cperl5.24.3-nt 5.024003
Cycles: 16486275
User-Time: 12.18
System-Time: 0
Real-Time: 12.179
CPU: 100%
Cycles-Per-Sec: 1353553
Empty-Cycles-Per-Sec: 29785501
Loop-Overhead: 4.5%
Adjusted-Used-Time: 11.6264999934028
Bench-Points: 86.01
