Date: 2016-11-01 23:39:51
Test: ./benchmarks/re/w.t
Perl: /usr/local/bin/perl5.24.0-nt 5.024000
Cycles: 13939080
User-Time: 11.6
System-Time: 0.03
Real-Time: 11.687
CPU: 100%
Cycles-Per-Sec: 1198545
Empty-Cycles-Per-Sec: 25413090
Loop-Overhead: 4.7%
Adjusted-Used-Time: 11.0814999946878
Bench-Points: 90.24
