Date: 2018-09-08 20:33:44
Test: /usr/local/lib/perl5/site_perl/5.26.1/PerlBench/benchmarks/re/w.t
Perl: /usr/local/bin/perl5.24.3-nt 5.024003
Cycles: 16486275
User-Time: 14.28
System-Time: 0
Real-Time: 14.281
CPU: 100%
Cycles-Per-Sec: 1154501
Empty-Cycles-Per-Sec: 22339126
Loop-Overhead: 5.2%
Adjusted-Used-Time: 13.5419999994628
Bench-Points: 73.844
