Date: 2016-11-01 23:40:14
Test: ./benchmarks/re/w.t
Perl: /usr/local/bin/perl5.25.3-nt 5.025003
Cycles: 13939080
User-Time: 11.69
System-Time: 0.02
Real-Time: 11.731
CPU: 100%
Cycles-Per-Sec: 1190357
Empty-Cycles-Per-Sec: 25765397
Loop-Overhead: 4.6%
Adjusted-Used-Time: 11.168999991345
Bench-Points: 89.534
