Date: 2016-11-01 23:40:02
Test: ./benchmarks/re/w.t
Perl: /usr/local/bin/cperl5.25.2-nt 5.025002
Cycles: 13939080
User-Time: 11.32
System-Time: 0.01
Real-Time: 11.354
CPU: 100%
Cycles-Per-Sec: 1230281
Empty-Cycles-Per-Sec: 25413090
Loop-Overhead: 4.8%
Adjusted-Used-Time: 10.7814999946878
Bench-Points: 92.751
