Date: 2019-06-14 11:28:10
Test: /usr/local/lib/perl5/site_perl/5.30.0/PerlBench/benchmarks/re/w.t
Perl: /usr/local/bin/perl5.26.3-nt 5.026003
Cycles: 17417655
User-Time: 14.89
System-Time: 0
Real-Time: 14.887
CPU: 100%
Cycles-Per-Sec: 1169755
Empty-Cycles-Per-Sec: 32254917
Loop-Overhead: 3.6%
Adjusted-Used-Time: 14.3500000055805
Bench-Points: 69.686
