Date: 2018-09-08 20:34:26
Test: /usr/local/lib/perl5/site_perl/5.26.1/PerlBench/benchmarks/re/w.t
Perl: /usr/local/bin/cperl5.26.2-nt 5.026002
Cycles: 16486275
User-Time: 12.18
System-Time: 0
Real-Time: 12.187
CPU: 100%
Cycles-Per-Sec: 1353553
Empty-Cycles-Per-Sec: 27340423
Loop-Overhead: 5.0%
Adjusted-Used-Time: 11.5770000025237
Bench-Points: 86.378
