Date: 2018-09-08 20:34:11
Test: /usr/local/lib/perl5/site_perl/5.26.1/PerlBench/benchmarks/re/w.t
Perl: /usr/local/bin/perl5.26.2-nt 5.026002
Cycles: 16486275
User-Time: 15.13
System-Time: 0
Real-Time: 15.125
CPU: 100%
Cycles-Per-Sec: 1089641
Empty-Cycles-Per-Sec: 32710863
Loop-Overhead: 3.3%
Adjusted-Used-Time: 14.6259999985326
Bench-Points: 68.371
