Date: 2019-06-14 11:28:25
Test: /usr/local/lib/perl5/site_perl/5.30.0/PerlBench/benchmarks/re/w.t
Perl: /usr/local/bin/cperl5.26.5-nt 5.026005
Cycles: 17417655
User-Time: 14.55
System-Time: 0
Real-Time: 14.545
CPU: 100%
Cycles-Per-Sec: 1197090
Empty-Cycles-Per-Sec: 22005881
Loop-Overhead: 5.4%
Adjusted-Used-Time: 13.7584999914341
Bench-Points: 72.682
