Date: 2019-06-14 11:28:39
Test: /usr/local/lib/perl5/site_perl/5.30.0/PerlBench/benchmarks/re/w.t
Perl: /usr/local/bin/perl5.28.2-nt 5.028002
Cycles: 17417655
User-Time: 13.67
System-Time: 0
Real-Time: 13.673
CPU: 100%
Cycles-Per-Sec: 1274152
Empty-Cycles-Per-Sec: 22358992
Loop-Overhead: 5.7%
Adjusted-Used-Time: 12.8909999896239
Bench-Points: 77.574
