Date: 2019-06-14 11:28:53
Test: /usr/local/lib/perl5/site_perl/5.30.0/PerlBench/benchmarks/re/w.t
Perl: /usr/local/bin/cperl5.28.2-nt 5.028002
Cycles: 17417655
User-Time: 14.54
System-Time: 0
Real-Time: 14.548
CPU: 100%
Cycles-Per-Sec: 1197913
Empty-Cycles-Per-Sec: 22738453
Loop-Overhead: 5.3%
Adjusted-Used-Time: 13.773999999912
Bench-Points: 72.601
