Date: 2018-09-08 20:34:52
Test: /usr/local/lib/perl5/site_perl/5.26.1/PerlBench/benchmarks/re/w.t
Perl: /usr/local/bin/cperl5.28.0-nt 5.028000
Cycles: 16486275
User-Time: 13.79
System-Time: 0
Real-Time: 13.791
CPU: 100%
Cycles-Per-Sec: 1195524
Empty-Cycles-Per-Sec: 23302155
Loop-Overhead: 5.1%
Adjusted-Used-Time: 13.0824999855164
Bench-Points: 76.438
