Date: 2018-09-08 20:34:38
Test: /usr/local/lib/perl5/site_perl/5.26.1/PerlBench/benchmarks/re/w.t
Perl: /usr/local/bin/perl5.28.0-nt 5.028000
Cycles: 16486275
User-Time: 13.32
System-Time: 0
Real-Time: 13.317
CPU: 100%
Cycles-Per-Sec: 1237708
Empty-Cycles-Per-Sec: 29179248
Loop-Overhead: 4.2%
Adjusted-Used-Time: 12.7550000041125
Bench-Points: 78.401
