Date: 2019-06-14 11:29:08
Test: /usr/local/lib/perl5/site_perl/5.30.0/PerlBench/benchmarks/re/w.t
Perl: /usr/local/bin/perl5.30.0-nt 5.030000
Cycles: 17417655
User-Time: 14.81
System-Time: 0
Real-Time: 14.811
CPU: 100%
Cycles-Per-Sec: 1176074
Empty-Cycles-Per-Sec: 31900467
Loop-Overhead: 3.7%
Adjusted-Used-Time: 14.2639999994357
Bench-Points: 70.107
