Date: 2019-06-14 11:29:23
Test: /usr/local/lib/perl5/site_perl/5.30.0/PerlBench/benchmarks/re/w.t
Perl: /usr/local/bin/cperl5.30.0-nt 5.030000
Cycles: 17417655
User-Time: 12.29
System-Time: 0
Real-Time: 12.296
CPU: 100%
Cycles-Per-Sec: 1417222
Empty-Cycles-Per-Sec: 33463314
Loop-Overhead: 4.2%
Adjusted-Used-Time: 11.7694999981173
Bench-Points: 84.965
