Date: 2019-06-14 11:26:09
Test: /usr/local/lib/perl5/site_perl/5.30.0/PerlBench/benchmarks/re/w.t
Perl: /usr/local/bin/perl5.6.2-nt 5.006002
Cycles: 17417655
User-Time: 12.58
System-Time: 0
Real-Time: 13
CPU: 97%
Cycles-Per-Sec: 1384551
Empty-Cycles-Per-Sec: 19256667
Loop-Overhead: 7.2%
Adjusted-Used-Time: 11.6755000156569
Bench-Points: 85.649
