Date: 2016-11-01 23:37:57
Test: ./benchmarks/re/w.t
Perl: /usr/local/bin/perl5.8.8-nt 5.008008
Cycles: 13939080
User-Time: 10.01
System-Time: 0.01
Real-Time: 10.027
CPU: 100%
Cycles-Per-Sec: 1391126
Empty-Cycles-Per-Sec: 23135402
Loop-Overhead: 6.0%
Adjusted-Used-Time: 9.41749998724898
Bench-Points: 106.19
