Date: 2019-06-14 11:26:22
Test: /usr/local/lib/perl5/site_perl/5.30.0/PerlBench/benchmarks/re/w.t
Perl: /usr/local/bin/perl5.8.9-nt 5.008009
Cycles: 17417655
User-Time: 13.33
System-Time: 0
Real-Time: 13.327
CPU: 100%
Cycles-Per-Sec: 1306651
Empty-Cycles-Per-Sec: 20527584
Loop-Overhead: 6.4%
Adjusted-Used-Time: 12.4815000011692
Bench-Points: 80.119
