Date: 2016-11-01 23:51:11
Test: ./benchmarks/string/index-const.t
Perl: /usr/local/bin/perl5.10.1-nt 5.010001
Cycles: 23231800
User-Time: 11.65
System-Time: 0.01
Real-Time: 11.677
CPU: 100%
Cycles-Per-Sec: 1992436
Empty-Cycles-Per-Sec: 22555146
Loop-Overhead: 8.8%
Adjusted-Used-Time: 10.6300000168476
Bench-Points: 94.073
