Date: 2016-11-01 23:51:22
Test: ./benchmarks/string/index-const.t
Perl: /usr/local/bin/perl5.12.5-nt 5.012005
Cycles: 23231800
User-Time: 11.55
System-Time: 0.01
Real-Time: 11.582
CPU: 100%
Cycles-Per-Sec: 2009671
Empty-Cycles-Per-Sec: 21297296
Loop-Overhead: 9.4%
Adjusted-Used-Time: 10.4691666848223
Bench-Points: 95.519
