Date: 2018-09-08 20:43:05
Test: /usr/local/lib/perl5/site_perl/5.26.1/PerlBench/benchmarks/string/index-const.t
Perl: /usr/local/bin/perl5.14.4-nt 5.014004
Cycles: 27477125
User-Time: 18.15
System-Time: 0
Real-Time: 18.150
CPU: 100%
Cycles-Per-Sec: 1513891
Empty-Cycles-Per-Sec: 16511042
Loop-Overhead: 9.2%
Adjusted-Used-Time: 16.4858333774452
Bench-Points: 60.658
