Date: 2019-06-14 11:42:26
Test: /usr/local/lib/perl5/site_perl/5.30.0/PerlBench/benchmarks/string/index-const.t
Perl: /usr/local/bin/perl5.14.4-nt@g 5.014004
Cycles: 29029425
User-Time: 16.9
System-Time: 0
Real-Time: 16.905
CPU: 100%
Cycles-Per-Sec: 1717717
Empty-Cycles-Per-Sec: 28115666
Loop-Overhead: 6.1%
Adjusted-Used-Time: 15.8675000051573
Bench-Points: 63.022
