Date: 2016-11-01 23:51:34
Test: ./benchmarks/string/index-const.t
Perl: /usr/local/bin/perl5.14.4-nt 5.014004
Cycles: 23231800
User-Time: 11.6
System-Time: 0
Real-Time: 11.607
CPU: 100%
Cycles-Per-Sec: 2002741
Empty-Cycles-Per-Sec: 23329004
Loop-Overhead: 8.6%
Adjusted-Used-Time: 10.6041666588081
Bench-Points: 94.303
