Date: 2016-11-01 23:51:45
Test: ./benchmarks/string/index-const.t
Perl: /usr/local/bin/perl5.16.3-nt 5.016003
Cycles: 23231800
User-Time: 11.86
System-Time: 0
Real-Time: 11.870
CPU: 100%
Cycles-Per-Sec: 1958836
Empty-Cycles-Per-Sec: 22757682
Loop-Overhead: 8.6%
Adjusted-Used-Time: 10.8391666831446
Bench-Points: 92.258
