Date: 2016-11-01 23:51:57
Test: ./benchmarks/string/index-const.t
Perl: /usr/local/bin/perl5.18.4-nt 5.018004
Cycles: 23231800
User-Time: 11.51
System-Time: 0
Real-Time: 11.523
CPU: 100%
Cycles-Per-Sec: 2018401
Empty-Cycles-Per-Sec: 24627350
Loop-Overhead: 8.2%
Adjusted-Used-Time: 10.5666666734342
Bench-Points: 94.637
