Date: 2019-06-14 11:42:43
Test: /usr/local/lib/perl5/site_perl/5.30.0/PerlBench/benchmarks/string/index-const.t
Perl: /usr/local/bin/perl5.18.4-nt 5.018004
Cycles: 29029425
User-Time: 16.4
System-Time: 0
Real-Time: 16.399
CPU: 100%
Cycles-Per-Sec: 1770087
Empty-Cycles-Per-Sec: 30108306
Loop-Overhead: 5.9%
Adjusted-Used-Time: 15.4358333344958
Bench-Points: 64.784
