Date: 2016-11-01 23:52:09
Test: ./benchmarks/string/index-const.t
Perl: /usr/local/bin/perl5.20.3-nt 5.020003
Cycles: 23231800
User-Time: 11.67
System-Time: 0
Real-Time: 11.679
CPU: 100%
Cycles-Per-Sec: 1990728
Empty-Cycles-Per-Sec: 22832236
Loop-Overhead: 8.7%
Adjusted-Used-Time: 10.6525000056937
Bench-Points: 93.875
