Date: 2019-06-14 11:43:16
Test: /usr/local/lib/perl5/site_perl/5.30.0/PerlBench/benchmarks/string/index-const.t
Perl: /usr/local/bin/cperl5.22.5-nt 5.022005
Cycles: 29029425
User-Time: 12.49
System-Time: 0
Real-Time: 12.491
CPU: 100%
Cycles-Per-Sec: 2324213
Empty-Cycles-Per-Sec: 32284810
Loop-Overhead: 7.2%
Adjusted-Used-Time: 11.5908333330752
Bench-Points: 86.275
