Date: 2018-09-08 20:43:40
Test: /usr/local/lib/perl5/site_perl/5.26.1/PerlBench/benchmarks/string/index-const.t
Perl: /usr/local/bin/cperl5.22.5-nt 5.022005
Cycles: 27477125
User-Time: 12.18
System-Time: 0
Real-Time: 12.177
CPU: 100%
Cycles-Per-Sec: 2255922
Empty-Cycles-Per-Sec: 29439777
Loop-Overhead: 7.7%
Adjusted-Used-Time: 11.2466666734602
Bench-Points: 88.915
