Date: 2019-06-14 11:43:00
Test: /usr/local/lib/perl5/site_perl/5.30.0/PerlBench/benchmarks/string/index-const.t
Perl: /usr/local/bin/perl5.22.4-nt 5.022004
Cycles: 29029425
User-Time: 16.74
System-Time: 0
Real-Time: 16.738
CPU: 100%
Cycles-Per-Sec: 1734135
Empty-Cycles-Per-Sec: 29496452
Loop-Overhead: 5.9%
Adjusted-Used-Time: 15.755833328022
Bench-Points: 63.469
