Date: 2018-09-08 20:43:23
Test: /usr/local/lib/perl5/site_perl/5.26.1/PerlBench/benchmarks/string/index-const.t
Perl: /usr/local/bin/perl5.22.3-nt 5.022003
Cycles: 27477125
User-Time: 17.35
System-Time: 0
Real-Time: 17.348
CPU: 100%
Cycles-Per-Sec: 1583696
Empty-Cycles-Per-Sec: 20166697
Loop-Overhead: 7.9%
Adjusted-Used-Time: 15.9874999832645
Bench-Points: 62.549
