Date: 2016-11-01 23:52:21
Test: ./benchmarks/string/index-const.t
Perl: /usr/local/bin/cperl5.22.2-nt 5.022002
Cycles: 23231800
User-Time: 6.72
System-Time: 0
Real-Time: 6.733
CPU: 100%
Cycles-Per-Sec: 3457113
Empty-Cycles-Per-Sec: 25861002
Loop-Overhead: 13.4%
Adjusted-Used-Time: 5.82166667169354
Bench-Points: 171.77
