Date: 2018-09-08 20:44:02
Test: /usr/local/lib/perl5/site_perl/5.26.1/PerlBench/benchmarks/string/index-const.t
Perl: /usr/local/bin/cperl5.24.3-nt 5.024003
Cycles: 27477125
User-Time: 10.92
System-Time: 0
Real-Time: 10.921
CPU: 100%
Cycles-Per-Sec: 2516220
Empty-Cycles-Per-Sec: 29785501
Loop-Overhead: 8.4%
Adjusted-Used-Time: 9.99749998900472
Bench-Points: 100.03
