Date: 2018-09-08 20:43:52
Test: /usr/local/lib/perl5/site_perl/5.26.1/PerlBench/benchmarks/string/index-const.t
Perl: /usr/local/bin/perl5.24.3-nt 5.024003
Cycles: 27477125
User-Time: 9.45
System-Time: 0
Real-Time: 9.449
CPU: 100%
Cycles-Per-Sec: 2907632
Empty-Cycles-Per-Sec: 22339126
Loop-Overhead: 13.0%
Adjusted-Used-Time: 8.21999999910471
Bench-Points: 121.65
