Date: 2019-06-14 11:43:29
Test: /usr/local/lib/perl5/site_perl/5.30.0/PerlBench/benchmarks/string/index-const.t
Perl: /usr/local/bin/perl5.24.4-nt 5.024004
Cycles: 29029425
User-Time: 9.69
System-Time: 0
Real-Time: 9.688
CPU: 100%
Cycles-Per-Sec: 2995813
Empty-Cycles-Per-Sec: 22768176
Loop-Overhead: 13.2%
Adjusted-Used-Time: 8.41499997364743
Bench-Points: 118.84
