Date: 2016-11-01 23:52:39
Test: ./benchmarks/string/index-const.t
Perl: /usr/local/bin/cperl5.24.0-nt 5.024000
Cycles: 23231800
User-Time: 6.15
System-Time: 0
Real-Time: 6.160
CPU: 100%
Cycles-Per-Sec: 3777528
Empty-Cycles-Per-Sec: 26250621
Loop-Overhead: 14.4%
Adjusted-Used-Time: 5.26499998419085
Bench-Points: 189.93
