Date: 2016-11-01 23:52:46
Test: ./benchmarks/string/index-const.t
Perl: /usr/local/bin/perl5.24.0-nt 5.024000
Cycles: 23231800
User-Time: 6.66
System-Time: 0.02
Real-Time: 6.710
CPU: 100%
Cycles-Per-Sec: 3477814
Empty-Cycles-Per-Sec: 25413090
Loop-Overhead: 13.7%
Adjusted-Used-Time: 5.76583332447963
Bench-Points: 173.44
