Date: 2019-06-14 11:43:39
Test: /usr/local/lib/perl5/site_perl/5.30.0/PerlBench/benchmarks/string/index-const.t
Perl: /usr/local/bin/cperl5.24.4-nt 5.024004
Cycles: 29029425
User-Time: 9.27
System-Time: 0
Real-Time: 9.272
CPU: 100%
Cycles-Per-Sec: 3131545
Empty-Cycles-Per-Sec: 32435112
Loop-Overhead: 9.7%
Adjusted-Used-Time: 8.37500000739939
Bench-Points: 119.4
