Date: 2016-11-01 23:52:52
Test: ./benchmarks/string/index-const.t
Perl: /usr/local/bin/cperl5.25.2-nt 5.025002
Cycles: 23231800
User-Time: 6.2
System-Time: 0
Real-Time: 6.213
CPU: 100%
Cycles-Per-Sec: 3747065
Empty-Cycles-Per-Sec: 25413090
Loop-Overhead: 14.7%
Adjusted-Used-Time: 5.28583332447963
Bench-Points: 189.18
