Date: 2016-11-01 23:52:59
Test: ./benchmarks/string/index-const.t
Perl: /usr/local/bin/perl5.25.3-nt 5.025003
Cycles: 23231800
User-Time: 6.38
System-Time: 0
Real-Time: 6.385
CPU: 100%
Cycles-Per-Sec: 3641348
Empty-Cycles-Per-Sec: 25765397
Loop-Overhead: 14.1%
Adjusted-Used-Time: 5.4783333189083
Bench-Points: 182.54
