Date: 2019-06-14 11:43:58
Test: /usr/local/lib/perl5/site_perl/5.30.0/PerlBench/benchmarks/string/index-const.t
Perl: /usr/local/bin/cperl5.26.5-nt 5.026005
Cycles: 29029425
User-Time: 8.95
System-Time: 0
Real-Time: 8.953
CPU: 100%
Cycles-Per-Sec: 3243511
Empty-Cycles-Per-Sec: 22005881
Loop-Overhead: 14.7%
Adjusted-Used-Time: 7.63083331905685
Bench-Points: 131.05
