Date: 2019-06-14 11:43:48
Test: /usr/local/lib/perl5/site_perl/5.30.0/PerlBench/benchmarks/string/index-const.t
Perl: /usr/local/bin/perl5.26.3-nt 5.026003
Cycles: 29029425
User-Time: 9.99
System-Time: 0
Real-Time: 9.990
CPU: 100%
Cycles-Per-Sec: 2905848
Empty-Cycles-Per-Sec: 32254917
Loop-Overhead: 9.0%
Adjusted-Used-Time: 9.09000000930091
Bench-Points: 110.01
