Date: 2018-09-08 20:44:13
Test: /usr/local/lib/perl5/site_perl/5.26.1/PerlBench/benchmarks/string/index-const.t
Perl: /usr/local/bin/perl5.26.2-nt 5.026002
Cycles: 27477125
User-Time: 9.65
System-Time: 0
Real-Time: 9.646
CPU: 100%
Cycles-Per-Sec: 2847370
Empty-Cycles-Per-Sec: 32710863
Loop-Overhead: 8.7%
Adjusted-Used-Time: 8.80999999755433
Bench-Points: 113.51
