Date: 2018-09-08 20:44:22
Test: /usr/local/lib/perl5/site_perl/5.26.1/PerlBench/benchmarks/string/index-const.t
Perl: /usr/local/bin/cperl5.26.2-nt 5.026002
Cycles: 27477125
User-Time: 10.03
System-Time: 0
Real-Time: 10.034
CPU: 100%
Cycles-Per-Sec: 2739494
Empty-Cycles-Per-Sec: 27340423
Loop-Overhead: 10.0%
Adjusted-Used-Time: 9.02500000420623
Bench-Points: 110.8
