Date: 2018-09-08 20:44:43
Test: /usr/local/lib/perl5/site_perl/5.26.1/PerlBench/benchmarks/string/index-const.t
Perl: /usr/local/bin/cperl5.28.0-nt 5.028000
Cycles: 27477125
User-Time: 9.98
System-Time: 0
Real-Time: 9.983
CPU: 100%
Cycles-Per-Sec: 2753219
Empty-Cycles-Per-Sec: 23302155
Loop-Overhead: 11.8%
Adjusted-Used-Time: 8.80083330919394
Bench-Points: 113.63
