Date: 2018-09-08 20:44:32
Test: /usr/local/lib/perl5/site_perl/5.26.1/PerlBench/benchmarks/string/index-const.t
Perl: /usr/local/bin/perl5.28.0-nt 5.028000
Cycles: 27477125
User-Time: 10.2
System-Time: 0
Real-Time: 10.194
CPU: 100%
Cycles-Per-Sec: 2693836
Empty-Cycles-Per-Sec: 29179248
Loop-Overhead: 9.2%
Adjusted-Used-Time: 9.25833334018752
Bench-Points: 108.01
