Date: 2019-06-14 11:44:07
Test: /usr/local/lib/perl5/site_perl/5.30.0/PerlBench/benchmarks/string/index-const.t
Perl: /usr/local/bin/perl5.28.2-nt 5.028002
Cycles: 29029425
User-Time: 9.3
System-Time: 0
Real-Time: 9.299
CPU: 100%
Cycles-Per-Sec: 3121444
Empty-Cycles-Per-Sec: 22358992
Loop-Overhead: 14.0%
Adjusted-Used-Time: 8.0016666493731
Bench-Points: 124.97
