Date: 2019-06-14 11:44:16
Test: /usr/local/lib/perl5/site_perl/5.30.0/PerlBench/benchmarks/string/index-const.t
Perl: /usr/local/bin/cperl5.28.2-nt 5.028002
Cycles: 29029425
User-Time: 10.56
System-Time: 0
Real-Time: 10.554
CPU: 100%
Cycles-Per-Sec: 2748999
Empty-Cycles-Per-Sec: 22738453
Loop-Overhead: 12.1%
Adjusted-Used-Time: 9.28333333318674
Bench-Points: 107.72
