Date: 2019-06-14 11:44:27
Test: /usr/local/lib/perl5/site_perl/5.30.0/PerlBench/benchmarks/string/index-const.t
Perl: /usr/local/bin/perl5.30.0-nt 5.030000
Cycles: 29029425
User-Time: 10.19
System-Time: 0
Real-Time: 10.185
CPU: 100%
Cycles-Per-Sec: 2848815
Empty-Cycles-Per-Sec: 31900467
Loop-Overhead: 8.9%
Adjusted-Used-Time: 9.27999999905957
Bench-Points: 107.76
