Date: 2019-06-14 11:44:37
Test: /usr/local/lib/perl5/site_perl/5.30.0/PerlBench/benchmarks/string/index-const.t
Perl: /usr/local/bin/cperl5.30.0-nt 5.030000
Cycles: 29029425
User-Time: 9.19
System-Time: 0
Real-Time: 9.184
CPU: 100%
Cycles-Per-Sec: 3158806
Empty-Cycles-Per-Sec: 33463314
Loop-Overhead: 9.4%
Adjusted-Used-Time: 8.32249999686223
Bench-Points: 120.16
