Date: 2019-06-14 11:41:54
Test: /usr/local/lib/perl5/site_perl/5.30.0/PerlBench/benchmarks/string/index-const.t
Perl: /usr/local/bin/perl5.6.2-nt 5.006002
Cycles: 29029425
User-Time: 16.56
System-Time: 0
Real-Time: 17
CPU: 97%
Cycles-Per-Sec: 1752985
Empty-Cycles-Per-Sec: 19256667
Loop-Overhead: 9.1%
Adjusted-Used-Time: 15.0525000260949
Bench-Points: 66.434
