Date: 2019-06-14 11:42:11
Test: /usr/local/lib/perl5/site_perl/5.30.0/PerlBench/benchmarks/string/index-const.t
Perl: /usr/local/bin/perl5.8.9-nt 5.008009
Cycles: 29029425
User-Time: 15.25
System-Time: 0
Real-Time: 15.256
CPU: 100%
Cycles-Per-Sec: 1903569
Empty-Cycles-Per-Sec: 20527584
Loop-Overhead: 9.3%
Adjusted-Used-Time: 13.8358333352819
Bench-Points: 72.276
