Date: 2016-11-01 23:50:59
Test: ./benchmarks/string/index-const.t
Perl: /usr/local/bin/perl5.8.8-nt 5.008008
Cycles: 23231800
User-Time: 11.38
System-Time: 0.03
Real-Time: 11.454
CPU: 100%
Cycles-Per-Sec: 2036091
Empty-Cycles-Per-Sec: 23135402
Loop-Overhead: 8.8%
Adjusted-Used-Time: 10.4058333120816
Bench-Points: 96.1
