Date: 2016-11-01 23:24:12
Test: ./benchmarks/loop/for-range-const.t
Perl: /usr/local/bin/perl5.10.1-nt 5.010001
Cycles: 18585
User-Time: 9.22
System-Time: 0
Real-Time: 9.231
CPU: 100%
Cycles-Per-Sec: 2016
Empty-Cycles-Per-Sec: 22555146
Loop-Overhead: 0.0%
Adjusted-Used-Time: 9.21917601952122
Bench-Points: 108.47
