Date: 2016-11-01 23:24:21
Test: ./benchmarks/loop/for-range-const.t
Perl: /usr/local/bin/perl5.12.5-nt 5.012005
Cycles: 18585
User-Time: 9.23
System-Time: 0
Real-Time: 9.236
CPU: 100%
Cycles-Per-Sec: 2014
Empty-Cycles-Per-Sec: 21297296
Loop-Overhead: 0.0%
Adjusted-Used-Time: 9.22912735400776
Bench-Points: 108.35
