Date: 2016-11-01 23:24:30
Test: ./benchmarks/loop/for-range-const.t
Perl: /usr/local/bin/perl5.14.4-nt 5.014004
Cycles: 18585
User-Time: 9.62
System-Time: 0
Real-Time: 9.629
CPU: 100%
Cycles-Per-Sec: 1932
Empty-Cycles-Per-Sec: 23329004
Loop-Overhead: 0.0%
Adjusted-Used-Time: 9.61920335218769
Bench-Points: 103.96
