Date: 2016-11-01 23:24:40
Test: ./benchmarks/loop/for-range-const.t
Perl: /usr/local/bin/perl5.16.3-nt 5.016003
Cycles: 18585
User-Time: 9.24
System-Time: 0
Real-Time: 9.245
CPU: 100%
Cycles-Per-Sec: 2011
Empty-Cycles-Per-Sec: 22757682
Loop-Overhead: 0.0%
Adjusted-Used-Time: 9.23918335268065
Bench-Points: 108.23
