Date: 2016-11-01 23:24:49
Test: ./benchmarks/loop/for-range-const.t
Perl: /usr/local/bin/perl5.18.4-nt 5.018004
Cycles: 18585
User-Time: 9
System-Time: 0.01
Real-Time: 9.031
CPU: 100%
Cycles-Per-Sec: 2063
Empty-Cycles-Per-Sec: 24627350
Loop-Overhead: 0.0%
Adjusted-Used-Time: 9.00924535120506
Bench-Points: 111
