Date: 2016-11-01 23:24:58
Test: ./benchmarks/loop/for-range-const.t
Perl: /usr/local/bin/perl5.20.3-nt 5.020003
Cycles: 18585
User-Time: 9.33
System-Time: 0.01
Real-Time: 9.357
CPU: 100%
Cycles-Per-Sec: 1990
Empty-Cycles-Per-Sec: 22832236
Loop-Overhead: 0.0%
Adjusted-Used-Time: 9.33918601927555
Bench-Points: 107.08
