Date: 2016-11-01 23:25:07
Test: ./benchmarks/loop/for-range-const.t
Perl: /usr/local/bin/cperl5.22.2-nt 5.022002
Cycles: 18585
User-Time: 9.07
System-Time: 0.01
Real-Time: 9.089
CPU: 100%
Cycles-Per-Sec: 2047
Empty-Cycles-Per-Sec: 25861002
Loop-Overhead: 0.0%
Adjusted-Used-Time: 9.07928135035139
Bench-Points: 110.14
