Date: 2016-11-01 23:25:16
Test: ./benchmarks/loop/for-range-const.t
Perl: /usr/local/bin/perl5.22.2-nt 5.022002
Cycles: 18585
User-Time: 9.17
System-Time: 0.01
Real-Time: 9.195
CPU: 100%
Cycles-Per-Sec: 2025
Empty-Cycles-Per-Sec: 23231800
Loop-Overhead: 0.0%
Adjusted-Used-Time: 9.17920001893956
Bench-Points: 108.94
