Date: 2016-11-01 23:25:26
Test: ./benchmarks/loop/for-range-const.t
Perl: /usr/local/bin/cperl5.24.0-nt 5.024000
Cycles: 18585
User-Time: 7.77
System-Time: 0
Real-Time: 7.781
CPU: 100%
Cycles-Per-Sec: 2392
Empty-Cycles-Per-Sec: 26250621
Loop-Overhead: 0.0%
Adjusted-Used-Time: 7.76929201674886
Bench-Points: 128.71
