Date: 2016-11-01 23:25:33
Test: ./benchmarks/loop/for-range-const.t
Perl: /usr/local/bin/perl5.24.0-nt 5.024000
Cycles: 18585
User-Time: 7.97
System-Time: 0
Real-Time: 7.974
CPU: 100%
Cycles-Per-Sec: 2332
Empty-Cycles-Per-Sec: 25413090
Loop-Overhead: 0.0%
Adjusted-Used-Time: 7.9692686839735
Bench-Points: 125.48
