Date: 2016-11-01 23:25:49
Test: ./benchmarks/loop/for-range-const.t
Perl: /usr/local/bin/perl5.25.3-nt 5.025003
Cycles: 18585
User-Time: 7.79
System-Time: 0
Real-Time: 7.794
CPU: 100%
Cycles-Per-Sec: 2386
Empty-Cycles-Per-Sec: 25765397
Loop-Overhead: 0.0%
Adjusted-Used-Time: 7.78927868373229
Bench-Points: 128.38
