Date: 2016-11-01 23:25:41
Test: ./benchmarks/loop/for-range-const.t
Perl: /usr/local/bin/cperl5.25.2-nt 5.025002
Cycles: 18585
User-Time: 7.65
System-Time: 0
Real-Time: 7.654
CPU: 100%
Cycles-Per-Sec: 2429
Empty-Cycles-Per-Sec: 25413090
Loop-Overhead: 0.0%
Adjusted-Used-Time: 7.6492686839735
Bench-Points: 130.73
