Date: 2016-11-01 23:24:03
Test: ./benchmarks/loop/for-range-const.t
Perl: /usr/local/bin/perl5.8.8-nt 5.008008
Cycles: 18585
User-Time: 8.74
System-Time: 0.01
Real-Time: 8.757
CPU: 100%
Cycles-Per-Sec: 2124
Empty-Cycles-Per-Sec: 23135402
Loop-Overhead: 0.0%
Adjusted-Used-Time: 8.74919668566814
Bench-Points: 114.3
