Date: 2016-11-01 23:20:05
Test: ./benchmarks/loop/for-ary.t
Perl: /usr/local/bin/perl5.10.1-nt 5.010001
Cycles: 65049040
User-Time: 13.06
System-Time: 0.02
Real-Time: 13.096
CPU: 100%
Cycles-Per-Sec: 4973168
Empty-Cycles-Per-Sec: 22555146
Loop-Overhead: 22.0%
Adjusted-Used-Time: 10.1960000471733
Bench-Points: 98.078
