Date: 2016-11-01 23:20:18
Test: ./benchmarks/loop/for-ary.t
Perl: /usr/local/bin/perl5.12.5-nt 5.012005
Cycles: 65049040
User-Time: 12.33
System-Time: 0.02
Real-Time: 12.364
CPU: 100%
Cycles-Per-Sec: 5267129
Empty-Cycles-Per-Sec: 21297296
Loop-Overhead: 24.7%
Adjusted-Used-Time: 9.29566671750254
Bench-Points: 107.58
