Date: 2016-11-01 23:20:30
Test: ./benchmarks/loop/for-ary.t
Perl: /usr/local/bin/perl5.14.4-nt 5.014004
Cycles: 65049040
User-Time: 12.31
System-Time: 0.01
Real-Time: 12.332
CPU: 100%
Cycles-Per-Sec: 5279955
Empty-Cycles-Per-Sec: 23329004
Loop-Overhead: 22.6%
Adjusted-Used-Time: 9.53166664466258
Bench-Points: 104.91
