Date: 2018-09-08 20:19:09
Test: /usr/local/lib/perl5/site_perl/5.26.1/PerlBench/benchmarks/loop/for-ary.t
Perl: /usr/local/bin/perl5.14.4-nt 5.014004
Cycles: 76935950
User-Time: 16.78
System-Time: 0
Real-Time: 16.785
CPU: 100%
Cycles-Per-Sec: 4584979
Empty-Cycles-Per-Sec: 16511042
Loop-Overhead: 27.8%
Adjusted-Used-Time: 12.1203334568466
Bench-Points: 82.506
