Date: 2019-06-14 11:04:40
Test: /usr/local/lib/perl5/site_perl/5.30.0/PerlBench/benchmarks/loop/for-ary.t
Perl: /usr/local/bin/perl5.14.4-nt@g 5.014004
Cycles: 81282390
User-Time: 13.52
System-Time: 0
Real-Time: 13.541
CPU: 100%
Cycles-Per-Sec: 6012011
Empty-Cycles-Per-Sec: 28115666
Loop-Overhead: 21.4%
Adjusted-Used-Time: 10.6290000144403
Bench-Points: 94.082
