Date: 2016-11-01 23:20:42
Test: ./benchmarks/loop/for-ary.t
Perl: /usr/local/bin/perl5.16.3-nt 5.016003
Cycles: 65049040
User-Time: 12.18
System-Time: 0.01
Real-Time: 12.203
CPU: 100%
Cycles-Per-Sec: 5336263
Empty-Cycles-Per-Sec: 22757682
Loop-Overhead: 23.4%
Adjusted-Used-Time: 9.33166671280493
Bench-Points: 107.16
