Date: 2019-06-14 11:04:53
Test: /usr/local/lib/perl5/site_perl/5.30.0/PerlBench/benchmarks/loop/for-ary.t
Perl: /usr/local/bin/perl5.18.4-nt 5.018004
Cycles: 81282390
User-Time: 14.31
System-Time: 0
Real-Time: 14.305
CPU: 100%
Cycles-Per-Sec: 5680111
Empty-Cycles-Per-Sec: 30108306
Loop-Overhead: 18.9%
Adjusted-Used-Time: 11.6103333365882
Bench-Points: 86.13
