Date: 2016-11-01 23:20:55
Test: ./benchmarks/loop/for-ary.t
Perl: /usr/local/bin/perl5.18.4-nt 5.018004
Cycles: 65049040
User-Time: 11.31
System-Time: 0.01
Real-Time: 11.333
CPU: 100%
Cycles-Per-Sec: 5746382
Empty-Cycles-Per-Sec: 24627350
Loop-Overhead: 23.3%
Adjusted-Used-Time: 8.67866668561579
Bench-Points: 115.23
