Date: 2016-11-01 23:21:06
Test: ./benchmarks/loop/for-ary.t
Perl: /usr/local/bin/perl5.20.3-nt 5.020003
Cycles: 65049040
User-Time: 11.84
System-Time: 0.01
Real-Time: 11.863
CPU: 100%
Cycles-Per-Sec: 5489370
Empty-Cycles-Per-Sec: 22832236
Loop-Overhead: 24.0%
Adjusted-Used-Time: 9.00100001594237
Bench-Points: 111.1
