Date: 2019-06-14 11:05:24
Test: /usr/local/lib/perl5/site_perl/5.30.0/PerlBench/benchmarks/loop/for-ary.t
Perl: /usr/local/bin/cperl5.22.5-nt 5.022005
Cycles: 81282390
User-Time: 13.25
System-Time: 0
Real-Time: 13.256
CPU: 100%
Cycles-Per-Sec: 6134520
Empty-Cycles-Per-Sec: 32284810
Loop-Overhead: 19.0%
Adjusted-Used-Time: 10.7323333326106
Bench-Points: 93.176
