Date: 2018-09-08 20:19:25
Test: /usr/local/lib/perl5/site_perl/5.26.1/PerlBench/benchmarks/loop/for-ary.t
Perl: /usr/local/bin/perl5.22.3-nt 5.022003
Cycles: 76935950
User-Time: 15.1
System-Time: 0
Real-Time: 15.100
CPU: 100%
Cycles-Per-Sec: 5095096
Empty-Cycles-Per-Sec: 20166697
Loop-Overhead: 25.3%
Adjusted-Used-Time: 11.2849999531406
Bench-Points: 88.613
