Date: 2016-11-01 23:21:18
Test: ./benchmarks/loop/for-ary.t
Perl: /usr/local/bin/cperl5.22.2-nt 5.022002
Cycles: 65049040
User-Time: 11.23
System-Time: 0.03
Real-Time: 11.305
CPU: 100%
Cycles-Per-Sec: 5777002
Empty-Cycles-Per-Sec: 25861002
Loop-Overhead: 22.3%
Adjusted-Used-Time: 8.74466668074191
Bench-Points: 114.36
