Date: 2019-06-14 11:05:08
Test: /usr/local/lib/perl5/site_perl/5.30.0/PerlBench/benchmarks/loop/for-ary.t
Perl: /usr/local/bin/perl5.22.4-nt 5.022004
Cycles: 81282390
User-Time: 16.76
System-Time: 0
Real-Time: 16.760
CPU: 100%
Cycles-Per-Sec: 4849785
Empty-Cycles-Per-Sec: 29496452
Loop-Overhead: 16.4%
Adjusted-Used-Time: 14.0043333184615
Bench-Points: 71.406
