Date: 2018-09-08 20:19:41
Test: /usr/local/lib/perl5/site_perl/5.26.1/PerlBench/benchmarks/loop/for-ary.t
Perl: /usr/local/bin/cperl5.22.5-nt 5.022005
Cycles: 76935950
User-Time: 11.42
System-Time: 0
Real-Time: 11.419
CPU: 100%
Cycles-Per-Sec: 6736948
Empty-Cycles-Per-Sec: 29439777
Loop-Overhead: 22.9%
Adjusted-Used-Time: 8.80666668568855
Bench-Points: 113.55
