Date: 2018-09-08 20:20:01
Test: /usr/local/lib/perl5/site_perl/5.26.1/PerlBench/benchmarks/loop/for-ary.t
Perl: /usr/local/bin/cperl5.24.3-nt 5.024003
Cycles: 76935950
User-Time: 9.09
System-Time: 0
Real-Time: 9.089
CPU: 100%
Cycles-Per-Sec: 8463801
Empty-Cycles-Per-Sec: 29785501
Loop-Overhead: 28.4%
Adjusted-Used-Time: 6.50699996921321
Bench-Points: 153.68
