Date: 2016-11-01 23:21:49
Test: ./benchmarks/loop/for-ary.t
Perl: /usr/local/bin/perl5.24.0-nt 5.024000
Cycles: 65049040
User-Time: 7.34
System-Time: 0.03
Real-Time: 7.403
CPU: 100%
Cycles-Per-Sec: 8826193
Empty-Cycles-Per-Sec: 25413090
Loop-Overhead: 34.7%
Adjusted-Used-Time: 4.81033330854296
Bench-Points: 207.89
