Date: 2016-11-01 23:21:41
Test: ./benchmarks/loop/for-ary.t
Perl: /usr/local/bin/cperl5.24.0-nt 5.024000
Cycles: 65049040
User-Time: 7.36
System-Time: 0.01
Real-Time: 7.384
CPU: 100%
Cycles-Per-Sec: 8826193
Empty-Cycles-Per-Sec: 26250621
Loop-Overhead: 33.6%
Adjusted-Used-Time: 4.89199995573438
Bench-Points: 204.42
