Date: 2018-09-08 20:19:52
Test: /usr/local/lib/perl5/site_perl/5.26.1/PerlBench/benchmarks/loop/for-ary.t
Perl: /usr/local/bin/perl5.24.3-nt 5.024003
Cycles: 76935950
User-Time: 9.14
System-Time: 0
Real-Time: 9.134
CPU: 100%
Cycles-Per-Sec: 8417500
Empty-Cycles-Per-Sec: 22339126
Loop-Overhead: 37.7%
Adjusted-Used-Time: 5.69599999749319
Bench-Points: 175.56
