Date: 2019-06-14 11:05:38
Test: /usr/local/lib/perl5/site_perl/5.30.0/PerlBench/benchmarks/loop/for-ary.t
Perl: /usr/local/bin/perl5.24.4-nt 5.024004
Cycles: 81282390
User-Time: 8.18
System-Time: 0
Real-Time: 8.187
CPU: 100%
Cycles-Per-Sec: 9936722
Empty-Cycles-Per-Sec: 22768176
Loop-Overhead: 43.6%
Adjusted-Used-Time: 4.6099999262128
Bench-Points: 216.92
