Date: 2019-06-14 11:05:46
Test: /usr/local/lib/perl5/site_perl/5.30.0/PerlBench/benchmarks/loop/for-ary.t
Perl: /usr/local/bin/cperl5.24.4-nt 5.024004
Cycles: 81282390
User-Time: 8.15
System-Time: 0
Real-Time: 8.159
CPU: 100%
Cycles-Per-Sec: 9973299
Empty-Cycles-Per-Sec: 32435112
Loop-Overhead: 30.7%
Adjusted-Used-Time: 5.64400002071829
Bench-Points: 177.18
