Date: 2016-11-01 23:21:56
Test: ./benchmarks/loop/for-ary.t
Perl: /usr/local/bin/cperl5.25.2-nt 5.025002
Cycles: 65049040
User-Time: 7.28
System-Time: 0.03
Real-Time: 7.335
CPU: 100%
Cycles-Per-Sec: 8898637
Empty-Cycles-Per-Sec: 25413090
Loop-Overhead: 35.0%
Adjusted-Used-Time: 4.75033330854296
Bench-Points: 210.51
