Date: 2016-11-01 23:22:03
Test: ./benchmarks/loop/for-ary.t
Perl: /usr/local/bin/perl5.25.3-nt 5.025003
Cycles: 65049040
User-Time: 7.59
System-Time: 0.01
Real-Time: 7.596
CPU: 100%
Cycles-Per-Sec: 8559084
Empty-Cycles-Per-Sec: 25765397
Loop-Overhead: 33.2%
Adjusted-Used-Time: 5.07533329294324
Bench-Points: 197.03
