Date: 2019-06-14 11:05:54
Test: /usr/local/lib/perl5/site_perl/5.30.0/PerlBench/benchmarks/loop/for-ary.t
Perl: /usr/local/bin/perl5.26.3-nt 5.026003
Cycles: 81282390
User-Time: 8.19
System-Time: 0
Real-Time: 8.191
CPU: 100%
Cycles-Per-Sec: 9924590
Empty-Cycles-Per-Sec: 32254917
Loop-Overhead: 30.8%
Adjusted-Used-Time: 5.67000002604254
Bench-Points: 176.37
