Date: 2018-09-08 20:20:10
Test: /usr/local/lib/perl5/site_perl/5.26.1/PerlBench/benchmarks/loop/for-ary.t
Perl: /usr/local/bin/perl5.26.2-nt 5.026002
Cycles: 76935950
User-Time: 9.37
System-Time: 0
Real-Time: 9.367
CPU: 100%
Cycles-Per-Sec: 8210880
Empty-Cycles-Per-Sec: 32710863
Loop-Overhead: 25.1%
Adjusted-Used-Time: 7.01799999315212
Bench-Points: 142.49
