Date: 2019-06-14 11:06:02
Test: /usr/local/lib/perl5/site_perl/5.30.0/PerlBench/benchmarks/loop/for-ary.t
Perl: /usr/local/bin/cperl5.26.5-nt 5.026005
Cycles: 81282390
User-Time: 9.36
System-Time: 0
Real-Time: 9.361
CPU: 100%
Cycles-Per-Sec: 8684016
Empty-Cycles-Per-Sec: 22005881
Loop-Overhead: 39.5%
Adjusted-Used-Time: 5.66633329335917
Bench-Points: 176.48
