Date: 2018-09-08 20:20:20
Test: /usr/local/lib/perl5/site_perl/5.26.1/PerlBench/benchmarks/loop/for-ary.t
Perl: /usr/local/bin/cperl5.26.2-nt 5.026002
Cycles: 76935950
User-Time: 9.68
System-Time: 0
Real-Time: 9.678
CPU: 100%
Cycles-Per-Sec: 7947929
Empty-Cycles-Per-Sec: 27340423
Loop-Overhead: 29.1%
Adjusted-Used-Time: 6.86600001177743
Bench-Points: 145.65
