Date: 2018-09-08 20:20:29
Test: /usr/local/lib/perl5/site_perl/5.26.1/PerlBench/benchmarks/loop/for-ary.t
Perl: /usr/local/bin/perl5.28.0-nt 5.028000
Cycles: 76935950
User-Time: 8.4
System-Time: 0
Real-Time: 8.398
CPU: 100%
Cycles-Per-Sec: 9159042
Empty-Cycles-Per-Sec: 29179248
Loop-Overhead: 31.4%
Adjusted-Used-Time: 5.76333335252506
Bench-Points: 173.51
