Date: 2018-09-08 20:20:38
Test: /usr/local/lib/perl5/site_perl/5.26.1/PerlBench/benchmarks/loop/for-ary.t
Perl: /usr/local/bin/cperl5.28.0-nt 5.028000
Cycles: 76935950
User-Time: 11.35
System-Time: 0
Real-Time: 11.347
CPU: 100%
Cycles-Per-Sec: 6778498
Empty-Cycles-Per-Sec: 23302155
Loop-Overhead: 29.1%
Adjusted-Used-Time: 8.04833326574302
Bench-Points: 124.25
