Date: 2019-06-14 11:06:22
Test: /usr/local/lib/perl5/site_perl/5.30.0/PerlBench/benchmarks/loop/for-ary.t
Perl: /usr/local/bin/cperl5.28.2-nt 5.028002
Cycles: 81282390
User-Time: 9.18
System-Time: 0
Real-Time: 9.188
CPU: 100%
Cycles-Per-Sec: 8854291
Empty-Cycles-Per-Sec: 22738453
Loop-Overhead: 38.9%
Adjusted-Used-Time: 5.60533333292287
Bench-Points: 178.4
