Date: 2019-06-14 11:06:12
Test: /usr/local/lib/perl5/site_perl/5.30.0/PerlBench/benchmarks/loop/for-ary.t
Perl: /usr/local/bin/perl5.28.2-nt 5.028002
Cycles: 81282390
User-Time: 10.76
System-Time: 0
Real-Time: 10.759
CPU: 100%
Cycles-Per-Sec: 7554125
Empty-Cycles-Per-Sec: 22358992
Loop-Overhead: 33.8%
Adjusted-Used-Time: 7.12466661824469
Bench-Points: 140.36
