Date: 2019-06-14 11:06:32
Test: /usr/local/lib/perl5/site_perl/5.30.0/PerlBench/benchmarks/loop/for-ary.t
Perl: /usr/local/bin/perl5.30.0-nt 5.030000
Cycles: 81282390
User-Time: 9.43
System-Time: 0
Real-Time: 9.426
CPU: 100%
Cycles-Per-Sec: 8619554
Empty-Cycles-Per-Sec: 31900467
Loop-Overhead: 27.0%
Adjusted-Used-Time: 6.88199999736681
Bench-Points: 145.31
