Date: 2019-06-14 11:06:41
Test: /usr/local/lib/perl5/site_perl/5.30.0/PerlBench/benchmarks/loop/for-ary.t
Perl: /usr/local/bin/cperl5.30.0-nt 5.030000
Cycles: 81282390
User-Time: 9.15
System-Time: 0
Real-Time: 9.156
CPU: 100%
Cycles-Per-Sec: 8883321
Empty-Cycles-Per-Sec: 33463314
Loop-Overhead: 26.5%
Adjusted-Used-Time: 6.72099999121426
Bench-Points: 148.79
