Date: 2019-06-14 11:04:08
Test: /usr/local/lib/perl5/site_perl/5.30.0/PerlBench/benchmarks/loop/for-ary.t
Perl: /usr/local/bin/perl5.6.2-nt 5.006002
Cycles: 81282390
User-Time: 19.68
System-Time: 0
Real-Time: 19
CPU: 104%
Cycles-Per-Sec: 4130203
Empty-Cycles-Per-Sec: 19256667
Loop-Overhead: 21.4%
Adjusted-Used-Time: 15.4590000730656
Bench-Points: 64.687
