Date: 2019-06-14 11:04:27
Test: /usr/local/lib/perl5/site_perl/5.30.0/PerlBench/benchmarks/loop/for-ary.t
Perl: /usr/local/bin/perl5.8.9-nt 5.008009
Cycles: 81282390
User-Time: 12.27
System-Time: 0
Real-Time: 12.275
CPU: 100%
Cycles-Per-Sec: 6624482
Empty-Cycles-Per-Sec: 20527584
Loop-Overhead: 32.3%
Adjusted-Used-Time: 8.31033333878941
Bench-Points: 120.33
