Date: 2016-11-01 23:19:52
Test: ./benchmarks/loop/for-ary.t
Perl: /usr/local/bin/perl5.8.8-nt 5.008008
Cycles: 65049040
User-Time: 12.51
System-Time: 0.04
Real-Time: 12.764
CPU: 98%
Cycles-Per-Sec: 5183190
Empty-Cycles-Per-Sec: 23135402
Loop-Overhead: 22.4%
Adjusted-Used-Time: 9.73833327382857
Bench-Points: 102.69
