Date: 2016-11-01 23:06:18
Test: ./benchmarks/hash/copy.t
Perl: /usr/local/bin/perl5.10.1-nt 5.010001
Cycles: 7434176
User-Time: 7.57
System-Time: 0.02
Real-Time: 7.625
CPU: 100%
Cycles-Per-Sec: 979470
Empty-Cycles-Per-Sec: 22555146
Loop-Overhead: 4.3%
Adjusted-Used-Time: 7.26040000539123
Bench-Points: 137.73
