Date: 2016-11-01 23:06:25
Test: ./benchmarks/hash/copy.t
Perl: /usr/local/bin/perl5.12.5-nt 5.012005
Cycles: 7434176
User-Time: 8.01
System-Time: 0.02
Real-Time: 8.107
CPU: 99%
Cycles-Per-Sec: 925800
Empty-Cycles-Per-Sec: 21297296
Loop-Overhead: 4.3%
Adjusted-Used-Time: 7.68093333914315
Bench-Points: 130.19
