Date: 2019-06-14 10:46:23
Test: /usr/local/lib/perl5/site_perl/5.30.0/PerlBench/benchmarks/hash/copy.t
Perl: /usr/local/bin/perl5.14.4-nt@g 5.014004
Cycles: 9289416
User-Time: 10.52
System-Time: 0
Real-Time: 10.516
CPU: 100%
Cycles-Per-Sec: 883024
Empty-Cycles-Per-Sec: 28115666
Loop-Overhead: 3.1%
Adjusted-Used-Time: 10.1896000016503
Bench-Points: 98.139
