Date: 2018-09-08 20:08:15
Test: /usr/local/lib/perl5/site_perl/5.26.1/PerlBench/benchmarks/hash/copy.t
Perl: /usr/local/bin/perl5.14.4-nt 5.014004
Cycles: 8792680
User-Time: 10.97
System-Time: 0
Real-Time: 10.966
CPU: 100%
Cycles-Per-Sec: 801521
Empty-Cycles-Per-Sec: 16511042
Loop-Overhead: 4.9%
Adjusted-Used-Time: 10.4374666807825
Bench-Points: 95.809
