Date: 2016-11-01 23:06:33
Test: ./benchmarks/hash/copy.t
Perl: /usr/local/bin/perl5.14.4-nt 5.014004
Cycles: 7434176
User-Time: 7.89
System-Time: 0.02
Real-Time: 7.959
CPU: 99%
Cycles-Per-Sec: 939845
Empty-Cycles-Per-Sec: 23329004
Loop-Overhead: 4.0%
Adjusted-Used-Time: 7.59133333081858
Bench-Points: 131.73
