Date: 2016-11-01 23:06:41
Test: ./benchmarks/hash/copy.t
Perl: /usr/local/bin/perl5.16.3-nt 5.016003
Cycles: 7434176
User-Time: 8.53
System-Time: 0.02
Real-Time: 8.568
CPU: 100%
Cycles-Per-Sec: 869494
Empty-Cycles-Per-Sec: 22757682
Loop-Overhead: 3.8%
Adjusted-Used-Time: 8.22333333860628
Bench-Points: 121.61
