Date: 2019-06-14 10:46:34
Test: /usr/local/lib/perl5/site_perl/5.30.0/PerlBench/benchmarks/hash/copy.t
Perl: /usr/local/bin/perl5.18.4-nt 5.018004
Cycles: 9289416
User-Time: 10.99
System-Time: 0
Real-Time: 10.993
CPU: 100%
Cycles-Per-Sec: 845261
Empty-Cycles-Per-Sec: 30108306
Loop-Overhead: 2.8%
Adjusted-Used-Time: 10.6814666670387
Bench-Points: 93.62
