Date: 2016-11-01 23:06:50
Test: ./benchmarks/hash/copy.t
Perl: /usr/local/bin/perl5.18.4-nt 5.018004
Cycles: 7434176
User-Time: 8.03
System-Time: 0.02
Real-Time: 8.085
CPU: 100%
Cycles-Per-Sec: 923500
Empty-Cycles-Per-Sec: 24627350
Loop-Overhead: 3.7%
Adjusted-Used-Time: 7.74813333549895
Bench-Points: 129.06
