Date: 2016-11-01 23:06:58
Test: ./benchmarks/hash/copy.t
Perl: /usr/local/bin/perl5.20.3-nt 5.020003
Cycles: 7434176
User-Time: 7.88
System-Time: 0.02
Real-Time: 7.925
CPU: 100%
Cycles-Per-Sec: 941035
Empty-Cycles-Per-Sec: 22832236
Loop-Overhead: 4.1%
Adjusted-Used-Time: 7.57440000182199
Bench-Points: 132.02
