Date: 2019-06-14 10:46:56
Test: /usr/local/lib/perl5/site_perl/5.30.0/PerlBench/benchmarks/hash/copy.t
Perl: /usr/local/bin/cperl5.22.5-nt 5.022005
Cycles: 9289416
User-Time: 10.31
System-Time: 0
Real-Time: 10.312
CPU: 100%
Cycles-Per-Sec: 901010
Empty-Cycles-Per-Sec: 32284810
Loop-Overhead: 2.8%
Adjusted-Used-Time: 10.0222666665841
Bench-Points: 99.778
