Date: 2019-06-14 10:46:45
Test: /usr/local/lib/perl5/site_perl/5.30.0/PerlBench/benchmarks/hash/copy.t
Perl: /usr/local/bin/perl5.22.4-nt 5.022004
Cycles: 9289416
User-Time: 10.85
System-Time: 0
Real-Time: 10.856
CPU: 100%
Cycles-Per-Sec: 856167
Empty-Cycles-Per-Sec: 29496452
Loop-Overhead: 2.9%
Adjusted-Used-Time: 10.535066664967
Bench-Points: 94.921
