Date: 2016-11-01 23:07:06
Test: ./benchmarks/hash/copy.t
Perl: /usr/local/bin/cperl5.22.2-nt 5.022002
Cycles: 7434176
User-Time: 7.88
System-Time: 0.01
Real-Time: 7.925
CPU: 100%
Cycles-Per-Sec: 942228
Empty-Cycles-Per-Sec: 25861002
Loop-Overhead: 3.6%
Adjusted-Used-Time: 7.60253333494193
Bench-Points: 131.54
