Date: 2018-09-08 20:08:26
Test: /usr/local/lib/perl5/site_perl/5.26.1/PerlBench/benchmarks/hash/copy.t
Perl: /usr/local/bin/perl5.22.3-nt 5.022003
Cycles: 8792680
User-Time: 10.2
System-Time: 0
Real-Time: 10.194
CPU: 100%
Cycles-Per-Sec: 862027
Empty-Cycles-Per-Sec: 20166697
Loop-Overhead: 4.3%
Adjusted-Used-Time: 9.76399999464464
Bench-Points: 102.42
