Date: 2018-09-08 20:08:36
Test: /usr/local/lib/perl5/site_perl/5.26.1/PerlBench/benchmarks/hash/copy.t
Perl: /usr/local/bin/cperl5.22.5-nt 5.022005
Cycles: 8792680
User-Time: 9.55
System-Time: 0
Real-Time: 9.545
CPU: 100%
Cycles-Per-Sec: 920699
Empty-Cycles-Per-Sec: 29439777
Loop-Overhead: 3.1%
Adjusted-Used-Time: 9.25133333550726
Bench-Points: 108.09
