Date: 2018-09-08 20:08:45
Test: /usr/local/lib/perl5/site_perl/5.26.1/PerlBench/benchmarks/hash/copy.t
Perl: /usr/local/bin/perl5.24.3-nt 5.024003
Cycles: 8792680
User-Time: 9.72
System-Time: 0
Real-Time: 9.718
CPU: 100%
Cycles-Per-Sec: 904597
Empty-Cycles-Per-Sec: 22339126
Loop-Overhead: 4.0%
Adjusted-Used-Time: 9.32639999971351
Bench-Points: 107.22
