Date: 2019-06-14 10:47:17
Test: /usr/local/lib/perl5/site_perl/5.30.0/PerlBench/benchmarks/hash/copy.t
Perl: /usr/local/bin/cperl5.24.4-nt 5.024004
Cycles: 9289416
User-Time: 10.63
System-Time: 0
Real-Time: 10.634
CPU: 100%
Cycles-Per-Sec: 873887
Empty-Cycles-Per-Sec: 32435112
Loop-Overhead: 2.7%
Adjusted-Used-Time: 10.3436000023678
Bench-Points: 96.678
