Date: 2019-06-14 10:47:06
Test: /usr/local/lib/perl5/site_perl/5.30.0/PerlBench/benchmarks/hash/copy.t
Perl: /usr/local/bin/perl5.24.4-nt 5.024004
Cycles: 9289416
User-Time: 10.61
System-Time: 0
Real-Time: 10.614
CPU: 100%
Cycles-Per-Sec: 875534
Empty-Cycles-Per-Sec: 22768176
Loop-Overhead: 3.8%
Adjusted-Used-Time: 10.2019999915672
Bench-Points: 98.02
