Date: 2016-11-01 23:07:29
Test: ./benchmarks/hash/copy.t
Perl: /usr/local/bin/perl5.24.0-nt 5.024000
Cycles: 7434176
User-Time: 7.44
System-Time: 0.02
Real-Time: 7.486
CPU: 100%
Cycles-Per-Sec: 996538
Empty-Cycles-Per-Sec: 25413090
Loop-Overhead: 3.9%
Adjusted-Used-Time: 7.16746666383348
Bench-Points: 139.52
