Date: 2018-09-08 20:08:55
Test: /usr/local/lib/perl5/site_perl/5.26.1/PerlBench/benchmarks/hash/copy.t
Perl: /usr/local/bin/cperl5.24.3-nt 5.024003
Cycles: 8792680
User-Time: 9.5
System-Time: 0
Real-Time: 9.501
CPU: 100%
Cycles-Per-Sec: 925545
Empty-Cycles-Per-Sec: 29785501
Loop-Overhead: 3.1%
Adjusted-Used-Time: 9.20479999648151
Bench-Points: 108.64
