Date: 2016-11-01 23:07:21
Test: ./benchmarks/hash/copy.t
Perl: /usr/local/bin/cperl5.24.0-nt 5.024000
Cycles: 7434176
User-Time: 7.62
System-Time: 0.02
Real-Time: 7.674
CPU: 100%
Cycles-Per-Sec: 973060
Empty-Cycles-Per-Sec: 26250621
Loop-Overhead: 3.7%
Adjusted-Used-Time: 7.35679999494107
Bench-Points: 135.93
