Date: 2016-11-01 23:07:37
Test: ./benchmarks/hash/copy.t
Perl: /usr/local/bin/cperl5.25.2-nt 5.025002
Cycles: 7434176
User-Time: 7.72
System-Time: 0.01
Real-Time: 7.762
CPU: 100%
Cycles-Per-Sec: 961730
Empty-Cycles-Per-Sec: 25413090
Loop-Overhead: 3.8%
Adjusted-Used-Time: 7.43746666383348
Bench-Points: 134.45
