Date: 2016-11-01 23:07:44
Test: ./benchmarks/hash/copy.t
Perl: /usr/local/bin/perl5.25.3-nt 5.025003
Cycles: 7434176
User-Time: 7.27
System-Time: 0.02
Real-Time: 7.326
CPU: 100%
Cycles-Per-Sec: 1019777
Empty-Cycles-Per-Sec: 25765397
Loop-Overhead: 4.0%
Adjusted-Used-Time: 7.00146666205066
Bench-Points: 142.83
