Date: 2019-06-14 10:47:27
Test: /usr/local/lib/perl5/site_perl/5.30.0/PerlBench/benchmarks/hash/copy.t
Perl: /usr/local/bin/perl5.26.3-nt 5.026003
Cycles: 9289416
User-Time: 9.98
System-Time: 0
Real-Time: 9.980
CPU: 100%
Cycles-Per-Sec: 930803
Empty-Cycles-Per-Sec: 32254917
Loop-Overhead: 2.9%
Adjusted-Used-Time: 9.69200000297629
Bench-Points: 103.18
