Date: 2018-09-08 20:09:05
Test: /usr/local/lib/perl5/site_perl/5.26.1/PerlBench/benchmarks/hash/copy.t
Perl: /usr/local/bin/perl5.26.2-nt 5.026002
Cycles: 8792680
User-Time: 9.13
System-Time: 0
Real-Time: 9.138
CPU: 100%
Cycles-Per-Sec: 963054
Empty-Cycles-Per-Sec: 32710863
Loop-Overhead: 2.9%
Adjusted-Used-Time: 8.86119999921739
Bench-Points: 112.85
