Date: 2019-06-14 10:47:37
Test: /usr/local/lib/perl5/site_perl/5.30.0/PerlBench/benchmarks/hash/copy.t
Perl: /usr/local/bin/cperl5.26.5-nt 5.026005
Cycles: 9289416
User-Time: 9.18
System-Time: 0
Real-Time: 9.181
CPU: 100%
Cycles-Per-Sec: 1011919
Empty-Cycles-Per-Sec: 22005881
Loop-Overhead: 4.6%
Adjusted-Used-Time: 8.75786666209819
Bench-Points: 114.18
