Date: 2018-09-08 20:09:14
Test: /usr/local/lib/perl5/site_perl/5.26.1/PerlBench/benchmarks/hash/copy.t
Perl: /usr/local/bin/cperl5.26.2-nt 5.026002
Cycles: 8792680
User-Time: 9.06
System-Time: 0
Real-Time: 9.055
CPU: 100%
Cycles-Per-Sec: 970494
Empty-Cycles-Per-Sec: 27340423
Loop-Overhead: 3.5%
Adjusted-Used-Time: 8.73840000134599
Bench-Points: 114.44
