Date: 2018-09-08 20:09:32
Test: /usr/local/lib/perl5/site_perl/5.26.1/PerlBench/benchmarks/hash/copy.t
Perl: /usr/local/bin/cperl5.28.0-nt 5.028000
Cycles: 8792680
User-Time: 9.09
System-Time: 0
Real-Time: 9.096
CPU: 100%
Cycles-Per-Sec: 967292
Empty-Cycles-Per-Sec: 23302155
Loop-Overhead: 4.2%
Adjusted-Used-Time: 8.71266665894206
Bench-Points: 114.78
