Date: 2019-06-14 10:47:46
Test: /usr/local/lib/perl5/site_perl/5.30.0/PerlBench/benchmarks/hash/copy.t
Perl: /usr/local/bin/perl5.28.2-nt 5.028002
Cycles: 9289416
User-Time: 9.65
System-Time: 0
Real-Time: 9.657
CPU: 100%
Cycles-Per-Sec: 962634
Empty-Cycles-Per-Sec: 22358992
Loop-Overhead: 4.3%
Adjusted-Used-Time: 9.23453332779939
Bench-Points: 108.29
