Date: 2019-06-14 10:47:56
Test: /usr/local/lib/perl5/site_perl/5.30.0/PerlBench/benchmarks/hash/copy.t
Perl: /usr/local/bin/cperl5.28.2-nt 5.028002
Cycles: 9289416
User-Time: 8.69
System-Time: 0
Real-Time: 8.693
CPU: 100%
Cycles-Per-Sec: 1068978
Empty-Cycles-Per-Sec: 22738453
Loop-Overhead: 4.7%
Adjusted-Used-Time: 8.28146666661976
Bench-Points: 120.75
