Date: 2018-09-08 20:09:23
Test: /usr/local/lib/perl5/site_perl/5.26.1/PerlBench/benchmarks/hash/copy.t
Perl: /usr/local/bin/perl5.28.0-nt 5.028000
Cycles: 8792680
User-Time: 8.98
System-Time: 0
Real-Time: 8.974
CPU: 100%
Cycles-Per-Sec: 979140
Empty-Cycles-Per-Sec: 29179248
Loop-Overhead: 3.4%
Adjusted-Used-Time: 8.67866666886001
Bench-Points: 115.23
