Date: 2019-06-14 10:48:15
Test: /usr/local/lib/perl5/site_perl/5.30.0/PerlBench/benchmarks/hash/copy.t
Perl: /usr/local/bin/cperl5.30.0-nt 5.030000
Cycles: 9289416
User-Time: 8.54
System-Time: 0
Real-Time: 8.540
CPU: 100%
Cycles-Per-Sec: 1087754
Empty-Cycles-Per-Sec: 33463314
Loop-Overhead: 3.3%
Adjusted-Used-Time: 8.26239999899591
Bench-Points: 121.03
