Date: 2019-06-14 10:48:05
Test: /usr/local/lib/perl5/site_perl/5.30.0/PerlBench/benchmarks/hash/copy.t
Perl: /usr/local/bin/perl5.30.0-nt 5.030000
Cycles: 9289416
User-Time: 9.83
System-Time: 0
Real-Time: 9.828
CPU: 100%
Cycles-Per-Sec: 945007
Empty-Cycles-Per-Sec: 31900467
Loop-Overhead: 3.0%
Adjusted-Used-Time: 9.53879999969906
Bench-Points: 104.83
