Date: 2019-06-14 10:46:00
Test: /usr/local/lib/perl5/site_perl/5.30.0/PerlBench/benchmarks/hash/copy.t
Perl: /usr/local/bin/perl5.6.2-nt 5.006002
Cycles: 9289416
User-Time: 11.75
System-Time: 0
Real-Time: 12
CPU: 98%
Cycles-Per-Sec: 790589
Empty-Cycles-Per-Sec: 19256667
Loop-Overhead: 4.1%
Adjusted-Used-Time: 11.2676000083504
Bench-Points: 88.75
