Date: 2016-11-01 23:06:09
Test: ./benchmarks/hash/copy.t
Perl: /usr/local/bin/perl5.8.8-nt 5.008008
Cycles: 7434176
User-Time: 8.2
System-Time: 0.02
Real-Time: 8.244
CPU: 100%
Cycles-Per-Sec: 904401
Empty-Cycles-Per-Sec: 23135402
Loop-Overhead: 3.9%
Adjusted-Used-Time: 7.89866665986612
Bench-Points: 126.6
