Date: 2019-06-14 10:46:12
Test: /usr/local/lib/perl5/site_perl/5.30.0/PerlBench/benchmarks/hash/copy.t
Perl: /usr/local/bin/perl5.8.9-nt 5.008009
Cycles: 9289416
User-Time: 11.18
System-Time: 0
Real-Time: 11.177
CPU: 100%
Cycles-Per-Sec: 830896
Empty-Cycles-Per-Sec: 20527584
Loop-Overhead: 4.0%
Adjusted-Used-Time: 10.7274666672902
Bench-Points: 93.219
