Date: 2016-11-01 23:00:30
Test: ./benchmarks/call/fib.t
Perl: /usr/local/bin/perl5.10.1-nt 5.010001
Cycles: 9292
User-Time: 10.33
System-Time: 0.02
Real-Time: 10.393
CPU: 100%
Cycles-Per-Sec: 898
Empty-Cycles-Per-Sec: 22555146
Loop-Overhead: 0.0%
Adjusted-Used-Time: 10.3495880319285
Bench-Points: 96.622
