Date: 2016-11-01 23:00:41
Test: ./benchmarks/call/fib.t
Perl: /usr/local/bin/perl5.12.5-nt 5.012005
Cycles: 9292
User-Time: 9.92
System-Time: 0.02
Real-Time: 9.974
CPU: 100%
Cycles-Per-Sec: 935
Empty-Cycles-Per-Sec: 21297296
Loop-Overhead: 0.0%
Adjusted-Used-Time: 9.93956370048104
Bench-Points: 100.61
