Date: 2016-11-01 23:00:51
Test: ./benchmarks/call/fib.t
Perl: /usr/local/bin/perl5.14.4-nt 5.014004
Cycles: 9292
User-Time: 9.73
System-Time: 0.02
Real-Time: 9.773
CPU: 100%
Cycles-Per-Sec: 953
Empty-Cycles-Per-Sec: 23329004
Loop-Overhead: 0.0%
Adjusted-Used-Time: 9.74960169752639
Bench-Points: 102.57
