Date: 2019-06-14 10:38:35
Test: /usr/local/lib/perl5/site_perl/5.30.0/PerlBench/benchmarks/call/fib.t
Perl: /usr/local/bin/perl5.14.4-nt@g 5.014004
Cycles: 11611
User-Time: 13.41
System-Time: 0
Real-Time: 13.410
CPU: 100%
Cycles-Per-Sec: 866
Empty-Cycles-Per-Sec: 28115666
Loop-Overhead: 0.0%
Adjusted-Used-Time: 13.4095870273889
Bench-Points: 74.574
