Date: 2018-09-08 20:03:24
Test: /usr/local/lib/perl5/site_perl/5.26.1/PerlBench/benchmarks/call/fib.t
Perl: /usr/local/bin/perl5.14.4-nt 5.014004
Cycles: 10990
User-Time: 15.04
System-Time: 0
Real-Time: 15.047
CPU: 100%
Cycles-Per-Sec: 731
Empty-Cycles-Per-Sec: 16511042
Loop-Overhead: 0.0%
Adjusted-Used-Time: 15.0393343848317
Bench-Points: 66.492
