Date: 2016-11-01 23:01:01
Test: ./benchmarks/call/fib.t
Perl: /usr/local/bin/perl5.16.3-nt 5.016003
Cycles: 9292
User-Time: 9.44
System-Time: 0.01
Real-Time: 9.477
CPU: 100%
Cycles-Per-Sec: 983
Empty-Cycles-Per-Sec: 22757682
Loop-Overhead: 0.0%
Adjusted-Used-Time: 9.44959169831093
Bench-Points: 105.82
