Date: 2019-06-14 10:38:48
Test: /usr/local/lib/perl5/site_perl/5.30.0/PerlBench/benchmarks/call/fib.t
Perl: /usr/local/bin/perl5.18.4-nt 5.018004
Cycles: 11611
User-Time: 11.86
System-Time: 0
Real-Time: 11.865
CPU: 100%
Cycles-Per-Sec: 979
Empty-Cycles-Per-Sec: 30108306
Loop-Overhead: 0.0%
Adjusted-Used-Time: 11.8596143589081
Bench-Points: 84.32
