Date: 2016-11-01 23:01:10
Test: ./benchmarks/call/fib.t
Perl: /usr/local/bin/perl5.18.4-nt 5.018004
Cycles: 9292
User-Time: 8.96
System-Time: 0.02
Real-Time: 9.002
CPU: 100%
Cycles-Per-Sec: 1035
Empty-Cycles-Per-Sec: 24627350
Loop-Overhead: 0.0%
Adjusted-Used-Time: 8.97962269590516
Bench-Points: 111.36
