Date: 2016-11-01 23:01:19
Test: ./benchmarks/call/fib.t
Perl: /usr/local/bin/perl5.20.3-nt 5.020003
Cycles: 9292
User-Time: 10.74
System-Time: 0.03
Real-Time: 10.844
CPU: 99%
Cycles-Per-Sec: 863
Empty-Cycles-Per-Sec: 22832236
Loop-Overhead: 0.0%
Adjusted-Used-Time: 10.7695930315366
Bench-Points: 92.854
