Date: 2018-09-08 20:03:53
Test: /usr/local/lib/perl5/site_perl/5.26.1/PerlBench/benchmarks/call/fib.t
Perl: /usr/local/bin/cperl5.22.5-nt 5.022005
Cycles: 10990
User-Time: 12.27
System-Time: 0
Real-Time: 12.270
CPU: 100%
Cycles-Per-Sec: 896
Empty-Cycles-Per-Sec: 29439777
Loop-Overhead: 0.0%
Adjusted-Used-Time: 12.2696266955419
Bench-Points: 81.502
