Date: 2018-09-08 20:03:39
Test: /usr/local/lib/perl5/site_perl/5.26.1/PerlBench/benchmarks/call/fib.t
Perl: /usr/local/bin/perl5.22.3-nt 5.022003
Cycles: 10990
User-Time: 14.08
System-Time: 0
Real-Time: 14.089
CPU: 100%
Cycles-Per-Sec: 781
Empty-Cycles-Per-Sec: 20166697
Loop-Overhead: 0.0%
Adjusted-Used-Time: 14.079455042142
Bench-Points: 71.025
