Date: 2019-06-14 10:39:00
Test: /usr/local/lib/perl5/site_perl/5.30.0/PerlBench/benchmarks/call/fib.t
Perl: /usr/local/bin/perl5.22.4-nt 5.022004
Cycles: 11611
User-Time: 13.94
System-Time: 0
Real-Time: 13.940
CPU: 100%
Cycles-Per-Sec: 833
Empty-Cycles-Per-Sec: 29496452
Loop-Overhead: 0.0%
Adjusted-Used-Time: 13.939606359436
Bench-Points: 71.738
