Date: 2016-11-01 23:01:30
Test: ./benchmarks/call/fib.t
Perl: /usr/local/bin/cperl5.22.2-nt 5.022002
Cycles: 9292
User-Time: 8.68
System-Time: 0.02
Real-Time: 8.724
CPU: 100%
Cycles-Per-Sec: 1068
Empty-Cycles-Per-Sec: 25861002
Loop-Overhead: 0.0%
Adjusted-Used-Time: 8.69964069450983
Bench-Points: 114.95
