Date: 2016-11-01 23:01:39
Test: ./benchmarks/call/fib.t
Perl: /usr/local/bin/perl5.22.2-nt 5.022002
Cycles: 9292
User-Time: 9.17
System-Time: 0.01
Real-Time: 9.193
CPU: 100%
Cycles-Per-Sec: 1012
Empty-Cycles-Per-Sec: 23231800
Loop-Overhead: 0.0%
Adjusted-Used-Time: 9.179600030992
Bench-Points: 108.94
