Date: 2018-09-08 20:04:05
Test: /usr/local/lib/perl5/site_perl/5.26.1/PerlBench/benchmarks/call/fib.t
Perl: /usr/local/bin/perl5.24.3-nt 5.024003
Cycles: 10990
User-Time: 10.9
System-Time: 0
Real-Time: 10.902
CPU: 100%
Cycles-Per-Sec: 1008
Empty-Cycles-Per-Sec: 22339126
Loop-Overhead: 0.0%
Adjusted-Used-Time: 10.8995080380495
Bench-Points: 91.747
