Date: 2019-06-14 10:39:28
Test: /usr/local/lib/perl5/site_perl/5.30.0/PerlBench/benchmarks/call/fib.t
Perl: /usr/local/bin/perl5.24.4-nt 5.024004
Cycles: 11611
User-Time: 11.53
System-Time: 0
Real-Time: 11.533
CPU: 100%
Cycles-Per-Sec: 1007
Empty-Cycles-Per-Sec: 22768176
Loop-Overhead: 0.0%
Adjusted-Used-Time: 11.5294900338086
Bench-Points: 86.734
