Date: 2019-06-14 10:39:40
Test: /usr/local/lib/perl5/site_perl/5.30.0/PerlBench/benchmarks/call/fib.t
Perl: /usr/local/bin/cperl5.24.4-nt 5.024004
Cycles: 11611
User-Time: 11.32
System-Time: 0
Real-Time: 11.320
CPU: 100%
Cycles-Per-Sec: 1026
Empty-Cycles-Per-Sec: 32435112
Loop-Overhead: 0.0%
Adjusted-Used-Time: 11.3196420237427
Bench-Points: 88.342
