Date: 2016-11-01 23:01:56
Test: ./benchmarks/call/fib.t
Perl: /usr/local/bin/perl5.24.0-nt 5.024000
Cycles: 9292
User-Time: 7.98
System-Time: 0.02
Real-Time: 8.024
CPU: 100%
Cycles-Per-Sec: 1162
Empty-Cycles-Per-Sec: 25413090
Loop-Overhead: 0.0%
Adjusted-Used-Time: 7.99963436166165
Bench-Points: 125.01
