Date: 2016-11-01 23:02:12
Test: ./benchmarks/call/fib.t
Perl: /usr/local/bin/perl5.25.3-nt 5.025003
Cycles: 9292
User-Time: 7.64
System-Time: 0.01
Real-Time: 7.658
CPU: 100%
Cycles-Per-Sec: 1215
Empty-Cycles-Per-Sec: 25765397
Loop-Overhead: 0.0%
Adjusted-Used-Time: 7.64963936127202
Bench-Points: 130.73
