Date: 2016-11-01 23:02:04
Test: ./benchmarks/call/fib.t
Perl: /usr/local/bin/cperl5.25.2-nt 5.025002
Cycles: 9292
User-Time: 7.96
System-Time: 0.01
Real-Time: 7.992
CPU: 100%
Cycles-Per-Sec: 1166
Empty-Cycles-Per-Sec: 25413090
Loop-Overhead: 0.0%
Adjusted-Used-Time: 7.96963436166165
Bench-Points: 125.48
