Date: 2018-09-08 20:04:37
Test: /usr/local/lib/perl5/site_perl/5.26.1/PerlBench/benchmarks/call/fib.t
Perl: /usr/local/bin/cperl5.26.2-nt 5.026002
Cycles: 10990
User-Time: 10.48
System-Time: 0
Real-Time: 10.475
CPU: 100%
Cycles-Per-Sec: 1049
Empty-Cycles-Per-Sec: 27340423
Loop-Overhead: 0.0%
Adjusted-Used-Time: 10.4795980310912
Bench-Points: 95.424
