Date: 2019-06-14 10:40:01
Test: /usr/local/lib/perl5/site_perl/5.30.0/PerlBench/benchmarks/call/fib.t
Perl: /usr/local/bin/cperl5.26.5-nt 5.026005
Cycles: 11611
User-Time: 11.56
System-Time: 0
Real-Time: 11.562
CPU: 100%
Cycles-Per-Sec: 1004
Empty-Cycles-Per-Sec: 22005881
Loop-Overhead: 0.0%
Adjusted-Used-Time: 11.5594723683183
Bench-Points: 86.509
