Date: 2019-06-14 10:39:51
Test: /usr/local/lib/perl5/site_perl/5.30.0/PerlBench/benchmarks/call/fib.t
Perl: /usr/local/bin/perl5.26.3-nt 5.026003
Cycles: 11611
User-Time: 10.31
System-Time: 0
Real-Time: 10.310
CPU: 100%
Cycles-Per-Sec: 1126
Empty-Cycles-Per-Sec: 32254917
Loop-Overhead: 0.0%
Adjusted-Used-Time: 10.309640023876
Bench-Points: 96.997
