Date: 2018-09-08 20:04:27
Test: /usr/local/lib/perl5/site_perl/5.26.1/PerlBench/benchmarks/call/fib.t
Perl: /usr/local/bin/perl5.26.2-nt 5.026002
Cycles: 10990
User-Time: 10.03
System-Time: 0
Real-Time: 10.032
CPU: 100%
Cycles-Per-Sec: 1096
Empty-Cycles-Per-Sec: 32710863
Loop-Overhead: 0.0%
Adjusted-Used-Time: 10.0296640259843
Bench-Points: 99.704
