Date: 2019-06-14 10:40:13
Test: /usr/local/lib/perl5/site_perl/5.30.0/PerlBench/benchmarks/call/fib.t
Perl: /usr/local/bin/perl5.28.2-nt 5.028002
Cycles: 11611
User-Time: 10.26
System-Time: 0
Real-Time: 10.257
CPU: 100%
Cycles-Per-Sec: 1132
Empty-Cycles-Per-Sec: 22358992
Loop-Overhead: 0.0%
Adjusted-Used-Time: 10.2594807010978
Bench-Points: 97.471
