Date: 2018-09-08 20:04:58
Test: /usr/local/lib/perl5/site_perl/5.26.1/PerlBench/benchmarks/call/fib.t
Perl: /usr/local/bin/cperl5.28.0-nt 5.028000
Cycles: 10990
User-Time: 10.18
System-Time: 0
Real-Time: 10.183
CPU: 100%
Cycles-Per-Sec: 1080
Empty-Cycles-Per-Sec: 23302155
Loop-Overhead: 0.0%
Adjusted-Used-Time: 10.179528369801
Bench-Points: 98.236
