Date: 2019-06-14 10:40:23
Test: /usr/local/lib/perl5/site_perl/5.30.0/PerlBench/benchmarks/call/fib.t
Perl: /usr/local/bin/cperl5.28.2-nt 5.028002
Cycles: 11611
User-Time: 10.35
System-Time: 0
Real-Time: 10.351
CPU: 100%
Cycles-Per-Sec: 1122
Empty-Cycles-Per-Sec: 22738453
Loop-Overhead: 0.0%
Adjusted-Used-Time: 10.3494893671966
Bench-Points: 96.623
