Date: 2018-09-08 20:04:48
Test: /usr/local/lib/perl5/site_perl/5.26.1/PerlBench/benchmarks/call/fib.t
Perl: /usr/local/bin/perl5.28.0-nt 5.028000
Cycles: 10990
User-Time: 10.22
System-Time: 0
Real-Time: 10.214
CPU: 100%
Cycles-Per-Sec: 1075
Empty-Cycles-Per-Sec: 29179248
Loop-Overhead: 0.0%
Adjusted-Used-Time: 10.2196233624664
Bench-Points: 97.851
