Date: 2019-06-14 10:40:44
Test: /usr/local/lib/perl5/site_perl/5.30.0/PerlBench/benchmarks/call/fib.t
Perl: /usr/local/bin/cperl5.30.0-nt 5.030000
Cycles: 11611
User-Time: 10.01
System-Time: 0
Real-Time: 10.011
CPU: 100%
Cycles-Per-Sec: 1160
Empty-Cycles-Per-Sec: 33463314
Loop-Overhead: 0.0%
Adjusted-Used-Time: 10.009653023009
Bench-Points: 99.904
