Date: 2019-06-14 10:40:33
Test: /usr/local/lib/perl5/site_perl/5.30.0/PerlBench/benchmarks/call/fib.t
Perl: /usr/local/bin/perl5.30.0-nt 5.030000
Cycles: 11611
User-Time: 10.19
System-Time: 0
Real-Time: 10.183
CPU: 100%
Cycles-Per-Sec: 1139
Empty-Cycles-Per-Sec: 31900467
Loop-Overhead: 0.0%
Adjusted-Used-Time: 10.1896360241372
Bench-Points: 98.139
