Date: 2016-11-01 23:00:20
Test: ./benchmarks/call/fib.t
Perl: /usr/local/bin/perl5.8.8-nt 5.008008
Cycles: 9292
User-Time: 9.93
System-Time: 0.03
Real-Time: 10.006
CPU: 100%
Cycles-Per-Sec: 933
Empty-Cycles-Per-Sec: 23135402
Loop-Overhead: 0.0%
Adjusted-Used-Time: 9.95959836444597
Bench-Points: 100.41
